********************************************************************* 
metricRunTimeDP: 6, 3, 7, 2, 6, 2, 7, 2, 6, 2, 6, 3, 7, 3, 6, 3, 7, 3, 7, 3, 7, 3, 7, 2, 7, 2, 7, 3, 6, 3, 7, 2, 7, 2, 7, 3, 7, 3, 7, 3, 6, 2, 7, 3, 8, 2, 7, 3, 7, 3
metricRunTimeDPSort: 9, 16, 17, 35, 14, 23, 23, 73, 16, 25, 19, 44, 22, 30, 29, 151, 16, 24, 22, 46, 23, 30, 28, 83, 22, 27, 28, 52, 26, 35, 36, 314, 15, 23, 23, 42, 23, 27, 29, 83, 23, 28, 28, 51, 27, 35, 32, 161, 23, 28
metricRunTimePointQuery: 0, 1, 2, 3, 4, 5, 6, 7, 8, 9, 10, 11, 12, 13, 14, 15, 16, 17, 18, 19, 19, 20, 22, 22, 24, 25, 25, 27, 27, 28, 30, 31, 30, 32, 33, 34, 36, 35, 36, 37, 39, 39, 41, 41, 43, 44, 44, 45, 48, 47
metricRunTimeRangeQuery: 0, 0, 0, 0, 0, 0, 0, 0, 0, 0, 0, 0, 0, 0, 0, 0, 0, 0, 0, 1, 1, 1, 1, 1, 1, 1, 1, 1, 1, 1, 1, 1, 1, 1, 1, 1, 1, 1, 1, 2, 2, 2, 2, 2, 2, 2, 2, 2, 2, 2
metricDPErrorP: 8.2, 8.575, 10.65, 9.3, 11.325, 10.575, 11.55, 7.95, 11.5, 9.15, 14.35, 12.375, 14.975, 18.375, 21.1, 9.325, 10.375, 12.025, 15.125, 13.4, 14.75, 14.575, 14.975, 15.025, 14.825, 14.275, 17.125, 16.1, 20.675, 17.65, 17.85, 10.95, 15.175, 16.375, 18.725, 16, 17.975, 16.475, 20.375, 15.275, 19.925, 16.925, 17.4, 15.275, 17.775, 18.225, 18.95, 16.35, 17.8, 20.375
metricDPStoreErrorP: 2.325, 3.625, 6.8, 4.2, 7.475, 5.6, 6.85, 3.2, 5.65, 5.525, 8.425, 7.325, 10.35, 10.25, 12.775, 4.05, 6.25, 6.675, 9.6, 7.4, 9.675, 9.55, 10.525, 17.2, 19.775, 19.6, 23.025, 19.65, 23, 20.85, 22.825, 6.125, 9.675, 9.95, 12.175, 8.925, 10.075, 9.9, 12.575, 9.625, 15.375, 13.025, 14.25, 11.975, 12.725, 15.075, 17.5, 8.625, 10.425, 10.95
metricTTStoreErrorP: 6.325, 4.95, 6.6, 5.1, 5.15, 6.625, 8.8, 4.75, 6.45, 4.675, 7.825, 6.15, 7.125, 10.425, 13.025, 5.275, 6.025, 7.15, 9.425, 7.85, 10.925, 9.275, 10.9, 15.275, 14.4, 15.325, 18.3, 16.7, 18.975, 18.95, 20.725, 4.825, 7.1, 11.425, 15.25, 8.625, 12.85, 12.575, 15.25, 6.75, 10.7, 9.6, 10.7, 8.3, 11.55, 11.85, 11.45, 9.775, 12.375, 13.125
metricDPErrorR: 52.8317, 24.3122, 28.3585, 21.8073, 43.9707, 34.1829, 50.1805, 28.3122, 26.3537, 22.7805, 34.8707, 36.7707, 57.4512, 37.6122, 41.2024, 34.2268, 30.8024, 35.9317, 48.3976, 28.4098, 52.0098, 36.3098, 55.6829, 32.8341, 83.5756, 59.2098, 66.4927, 41.7902, 67.0805, 42.4829, 46.3561, 40.239, 56.7756, 29.7805, 36.3024, 33.4951, 32.1, 31.4317, 46.0195, 68.4171, 81.2927, 70.6049, 75.4244, 73.7732, 63.939, 92.3, 120.293, 37.5537, 35.6146, 47.1537
metricDPStoreErrorR: 30.3915, 46.6244, 81.7707, 58.1512, 106.3, 75.978, 90.1122, 44.6268, 81.7171, 78.8707, 120.944, 102.795, 147.132, 140.749, 177.905, 52.8073, 84.0561, 85.3512, 122.861, 99.6854, 126.734, 119.476, 129.768, 132.132, 165.488, 158.937, 208.013, 166.695, 215.739, 185.061, 213.974, 94.3634, 149.876, 135.191, 173.638, 138.385, 152.59, 152.05, 198.599, 146.885, 218.905, 203.878, 220.49, 181.48, 192.112, 231.707, 270.715, 126.785, 154.241, 157.407
metricTTStoreErrorR: 82.1793, 66.7293, 87.1122, 66.4927, 66.2878, 100.28, 135.124, 69.4293, 85.3634, 65.4171, 108.888, 90.3756, 98.1073, 155.559, 196.78, 79.2732, 85.9488, 107.483, 130.754, 115.388, 166.846, 138.993, 172.151, 114.624, 85.7073, 104.332, 147.101, 134.422, 162.637, 162.3, 187.54, 66.0171, 101.822, 139.601, 185.93, 120.1, 167.785, 162.318, 194.355, 84.2, 143.544, 142.966, 161.868, 112.976, 145.61, 147.039, 154.927, 137.829, 173.729, 184.661
********************************************************************* 
metricRunTimeDP: 6, 3, 6, 2, 7, 2, 8, 3, 6, 3, 7, 2, 7, 3, 6, 2, 7, 3, 7, 3, 7, 3, 6, 3, 7, 4, 6, 3, 7, 2, 6, 2, 7, 2, 7, 3, 7, 4, 7, 3, 8, 3, 6, 3, 7, 3, 6, 2, 7, 3
metricRunTimeDPSort: 9, 13, 18, 37, 16, 25, 23, 75, 14, 21, 20, 42, 21, 28, 27, 150, 15, 22, 22, 41, 22, 29, 28, 83, 22, 29, 28, 50, 28, 34, 34, 317, 13, 24, 21, 41, 23, 28, 28, 81, 22, 27, 27, 53, 28, 36, 35, 163, 20, 28
metricRunTimePointQuery: 3, 1, 2, 3, 5, 5, 6, 9, 9, 10, 11, 12, 13, 16, 16, 15, 17, 23, 20, 20, 37, 22, 23, 24, 28, 25, 26, 28, 29, 38, 31, 34, 32, 33, 34, 34, 37, 37, 39, 43, 40, 40, 44, 42, 46, 44, 48, 48, 52, 48
metricRunTimeRangeQuery: 0, 0, 0, 0, 0, 0, 0, 0, 0, 0, 0, 0, 0, 0, 0, 0, 1, 0, 1, 1, 1, 1, 1, 1, 1, 1, 1, 1, 1, 1, 1, 1, 2, 1, 1, 1, 1, 2, 2, 2, 2, 2, 2, 2, 2, 2, 2, 2, 2, 2
metricDPErrorP: 6.525, 11.625, 15.225, 8.075, 12.675, 10.975, 12.6, 8.1, 12, 10.725, 14.775, 14.5, 18.9, 17.65, 19.275, 13.6, 17.45, 17.275, 18.15, 16.75, 18.125, 21.7, 21.825, 15.675, 18.575, 18, 18.975, 18.325, 19.85, 22.175, 27.2, 11.5, 14.325, 16.2, 19.675, 16.225, 18.1, 20.55, 20.7, 14.125, 18.925, 19.05, 21.9, 20.35, 22.875, 22.25, 22.375, 17.45, 20.1, 19.475
metricDPStoreErrorP: 4.325, 3.25, 6.4, 3.025, 7.15, 5.325, 7.75, 4.775, 8.4, 8.575, 11.125, 9.375, 12.775, 11.6, 14.2, 6.9, 9.325, 10.525, 12.325, 10.325, 12.325, 19.65, 21.35, 10.35, 13.65, 13.05, 15.3, 13.775, 15.25, 16.25, 20.625, 6.625, 9.6, 9.9, 13.175, 9.675, 12.4, 13, 15.45, 13.725, 16.25, 16.55, 18.975, 17.45, 19.075, 19.225, 19.925, 10.875, 13.575, 13.35
metricTTStoreErrorP: 6, 8.375, 10.725, 5.05, 6.425, 6.45, 7.9, 3.325, 6, 5, 6.9, 6.375, 9.225, 8.5, 10.125, 6.7, 10.325, 8.55, 11.075, 8.025, 10.9, 16.8, 16.375, 8.275, 10.275, 9.7, 11.575, 9.85, 11.85, 11.675, 13.525, 4.875, 9.125, 7.9, 9.95, 9.4, 10, 12.65, 12.3, 13.05, 14.275, 14.45, 16.275, 17.3, 19.75, 19.875, 20.4, 9.875, 12.025, 14.825
metricDPErrorR: 46.1024, 109.634, 97.9927, 41.122, 26.8683, 42.3634, 37.6244, 32.0122, 56.5512, 44.6829, 53.3098, 39.6463, 47.4366, 42.5073, 47.7024, 24.7341, 34.3512, 43.3463, 60.8024, 46.1415, 44.3415, 51.978, 88.8366, 43.3951, 63.5146, 62.4244, 63.8585, 63.7244, 65.4561, 66.3634, 91.2927, 26.1585, 27.6439, 38.761, 54.0268, 31.0878, 51.1098, 51.4683, 61.7073, 29.3366, 42.4122, 45.1976, 52.6927, 46.7122, 72.2732, 49.8171, 53.9122, 30.1829, 36.4171, 39.8707
metricDPStoreErrorR: 24.7232, 22.8598, 64.5695, 38.7146, 82.1134, 63.9195, 103.712, 64.4537, 118.312, 112.115, 149.951, 125.927, 170.778, 152.963, 185.888, 90.4585, 121.522, 150.027, 177.788, 142.468, 174.902, 205.522, 228.846, 136.276, 185.998, 180.829, 212.559, 186.451, 211.763, 215.04, 274.611, 86.3805, 138.783, 137.059, 186.659, 135.778, 163.91, 181.378, 211.715, 133.863, 166.74, 174.726, 217.16, 190.024, 219.163, 209.861, 219.302, 155.885, 183.759, 194.371
metricTTStoreErrorR: 68.5012, 130.623, 159.299, 75.8537, 96.6402, 97.3268, 109.6, 41.4585, 67.7537, 68.8049, 99.2659, 93.222, 135.52, 114.529, 148.417, 89.022, 141.134, 120.854, 139.771, 102.895, 137.31, 164.902, 147.778, 111.759, 135.749, 132.378, 165.929, 138.907, 167.629, 170.313, 195.577, 71.2902, 122.6, 106.415, 139.939, 134.573, 137.551, 172.498, 165.798, 136.129, 164.909, 154.165, 178.067, 199.1, 224.812, 236.502, 248.722, 156.268, 185.532, 218.898
