********************************************************************* 
metricRunTimeDP: 188, 174, 165, 126, 153, 127, 167, 151, 121, 180
metricRunTimeDPSort: 2, 2, 3, 3, 3, 3, 4, 4, 4, 4
metricDPError: 45, 159, 167, 202, 267, 243, 225, 278, 298, 309
metricDPStoreError: 37, 121, 176, 229, 294, 309, 321, 349, 350, 361
metricTTStoreError: 8, 38, 9, 47, 27, 66, 118, 73, 56, 52
********************************************************************* 
metricRunTimeDP: 140, 131, 155, 131, 137, 155, 133, 142, 178, 163
metricRunTimeDPSort: 2, 3, 3, 3, 4, 4, 4, 5, 5, 5
metricDPError: 61, 55, 85, 109, 91, 120, 220, 283, 258, 255
metricDPStoreError: 46, 46, 46, 46, 46, 46, 87, 110, 116, 116
metricTTStoreError: 15, 55, 89, 105, 135, 162, 217, 257, 226, 229
********************************************************************* 
metricRunTimeDP: 176, 132, 147, 114, 134, 114, 121, 143, 161, 170
metricRunTimeDPSort: 2, 3, 3, 3, 3, 4, 4, 4, 5, 5
metricDPError: 39, 48, 46, 55, 96, 116, 142, 149, 135, 113
metricDPStoreError: 39, 53, 61, 79, 104, 124, 148, 163, 187, 187
metricTTStoreError: 0, 17, 23, 38, 30, 8, 6, 14, 52, 74
********************************************************************* 
metricRunTimeDP: 130, 118, 127, 131, 163, 160, 121, 185, 153, 136
metricRunTimeDPSort: 2, 3, 3, 3, 4, 4, 4, 4, 4, 5
metricDPError: 18, 38, 75, 79, 56, 109, 181, 150, 166, 182
metricDPStoreError: 2, 14, 37, 48, 71, 110, 160, 160, 160, 160
metricTTStoreError: 16, 24, 42, 55, 49, 43, 23, 68, 94, 94
********************************************************************* 
metricRunTimeDP: 176, 157, 157, 122, 180, 127, 168, 140, 154, 175
metricRunTimeDPSort: 3, 3, 3, 3, 3, 3, 4, 4, 4, 5
metricDPError: 14, 46, 54, 65, 118, 215, 216, 209, 234, 248
metricDPStoreError: 6, 49, 63, 75, 148, 205, 228, 240, 266, 279
metricTTStoreError: 8, 5, 9, 10, 30, 82, 86, 83, 56, 49
********************************************************************* 
metricRunTimeDP: 162, 131, 129, 142, 133, 111, 125, 136, 134, 151
metricRunTimeDPSort: 3, 3, 3, 3, 4, 4, 4, 4, 5, 5
metricDPError: 54, 65, 107, 66, 43, 55, 78, 86, 93, 99
metricDPStoreError: 30, 32, 62, 83, 102, 103, 110, 129, 135, 140
metricTTStoreError: 24, 53, 45, 23, 69, 48, 32, 49, 46, 47
********************************************************************* 
metricRunTimeDP: 164, 142, 166, 156, 173, 166, 166, 153, 124, 147
metricRunTimeDPSort: 2, 3, 3, 3, 4, 4, 4, 5, 5, 5
metricDPError: 90, 104, 121, 70, 77, 91, 110, 92, 130, 124
metricDPStoreError: 79, 95, 95, 95, 95, 107, 115, 115, 115, 115
metricTTStoreError: 11, 11, 50, 59, 60, 62, 45, 71, 97, 109
********************************************************************* 
metricRunTimeDP: 132, 120, 164, 158, 159, 157, 144, 147, 166, 157
metricRunTimeDPSort: 2, 3, 3, 3, 4, 4, 4, 5, 5, 6
metricDPError: 49, 104, 101, 132, 149, 135, 136, 118, 142, 111
metricDPStoreError: 20, 59, 62, 78, 96, 96, 96, 96, 99, 111
metricTTStoreError: 29, 45, 57, 74, 71, 67, 66, 74, 125, 88
********************************************************************* 
metricRunTimeDP: 176, 127, 124, 141, 162, 163, 168, 137, 140, 165
metricRunTimeDPSort: 3, 3, 3, 3, 3, 3, 4, 4, 5, 5
metricDPError: 16, 117, 166, 148, 168, 159, 191, 181, 169, 163
metricDPStoreError: 4, 103, 149, 154, 160, 160, 190, 190, 190, 191
metricTTStoreError: 12, 14, 17, 46, 44, 63, 73, 65, 27, 28
********************************************************************* 
metricRunTimeDP: 147, 155, 136, 146, 125, 138, 147, 141, 164, 142
metricRunTimeDPSort: 2, 3, 3, 3, 3, 4, 4, 4, 5, 5
metricDPError: 21, 49, 41, 81, 121, 130, 169, 229, 226, 278
metricDPStoreError: 15, 37, 48, 88, 98, 132, 151, 159, 171, 211
metricTTStoreError: 6, 12, 7, 31, 63, 52, 36, 88, 69, 115
********************************************************************* 
metricRunTimeDP: 190, 133, 109, 175, 145, 162, 120, 175, 136, 121
metricRunTimeDPSort: 3, 3, 3, 3, 3, 3, 4, 4, 4, 5
metricDPError: 46, 105, 132, 211, 225, 256, 250, 301, 326, 416
metricDPStoreError: 35, 97, 104, 166, 182, 213, 236, 274, 326, 368
metricTTStoreError: 11, 8, 66, 59, 75, 83, 32, 41, 62, 62
********************************************************************* 
metricRunTimeDP: 168, 167, 138, 144, 154, 109, 155, 159, 165, 148
metricRunTimeDPSort: 2, 3, 3, 3, 3, 4, 4, 4, 4, 5
metricDPError: 22, 71, 94, 108, 111, 148, 182, 242, 233, 230
metricDPStoreError: 12, 63, 104, 138, 150, 191, 241, 295, 295, 295
metricTTStoreError: 10, 12, 10, 30, 39, 43, 59, 53, 62, 65
********************************************************************* 
metricRunTimeDP: 141, 158, 140, 164, 126, 176, 142, 169, 122, 171
metricRunTimeDPSort: 3, 3, 3, 3, 3, 4, 4, 4, 5, 5
metricDPError: 78, 139, 148, 166, 191, 178, 201, 181, 202, 169
metricDPStoreError: 63, 114, 141, 155, 164, 166, 177, 177, 177, 177
metricTTStoreError: 15, 25, 23, 43, 45, 68, 62, 80, 119, 100
********************************************************************* 
metricRunTimeDP: 196, 175, 113, 153, 169, 129, 111, 122, 173, 161
metricRunTimeDPSort: 2, 2, 3, 3, 4, 4, 4, 5, 5, 5
metricDPError: 57, 147, 131, 112, 127, 116, 100, 124, 122, 121
metricDPStoreError: 41, 121, 133, 133, 145, 147, 147, 159, 164, 164
metricTTStoreError: 16, 26, 16, 111, 70, 77, 91, 113, 82, 101
********************************************************************* 
metricRunTimeDP: 186, 165, 120, 141, 155, 184, 154, 159, 164, 168
metricRunTimeDPSort: 2, 3, 3, 4, 4, 4, 4, 4, 5, 5
metricDPError: 113, 153, 157, 155, 158, 115, 101, 134, 137, 110
metricDPStoreError: 59, 66, 99, 99, 99, 99, 103, 122, 127, 127
metricTTStoreError: 54, 99, 150, 122, 135, 94, 82, 62, 70, 83
********************************************************************* 
metricRunTimeDP: 171, 146, 148, 160, 157, 119, 157, 123, 163, 126
metricRunTimeDPSort: 2, 3, 3, 3, 3, 4, 4, 4, 5, 4
metricDPError: 60, 122, 138, 123, 96, 112, 142, 193, 209, 220
metricDPStoreError: 40, 58, 92, 102, 102, 108, 140, 180, 213, 216
metricTTStoreError: 20, 64, 48, 63, 68, 56, 40, 13, 18, 16
********************************************************************* 
metricRunTimeDP: 148, 156, 127, 147, 172, 142, 159, 139, 192, 159
metricRunTimeDPSort: 2, 3, 3, 3, 4, 4, 4, 5, 5, 6
metricDPError: 66, 146, 69, 61, 99, 114, 133, 103, 108, 141
metricDPStoreError: 19, 24, 24, 25, 43, 59, 72, 72, 72, 114
metricTTStoreError: 47, 122, 89, 84, 104, 103, 117, 105, 100, 27
********************************************************************* 
metricRunTimeDP: 161, 138, 142, 148, 125, 142, 161, 167, 143, 163
metricRunTimeDPSort: 2, 3, 3, 3, 3, 4, 4, 4, 4, 5
metricDPError: 65, 75, 72, 92, 126, 172, 170, 143, 190, 168
metricDPStoreError: 49, 65, 80, 111, 133, 180, 184, 185, 220, 247
metricTTStoreError: 16, 12, 14, 47, 41, 22, 16, 52, 30, 79
********************************************************************* 
metricRunTimeDP: 180, 168, 147, 176, 183, 168, 146, 169, 137, 182
metricRunTimeDPSort: 2, 3, 3, 3, 3, 4, 4, 4, 5, 5
metricDPError: 43, 69, 69, 62, 49, 99, 153, 165, 197, 147
metricDPStoreError: 16, 69, 81, 85, 92, 106, 156, 176, 181, 183
metricTTStoreError: 27, 0, 22, 33, 85, 77, 65, 87, 66, 36
********************************************************************* 
metricRunTimeDP: 179, 164, 128, 116, 171, 164, 183, 164, 155, 134
metricRunTimeDPSort: 2, 3, 3, 3, 4, 4, 5, 5, 5, 6
metricDPError: 43, 63, 51, 61, 88, 95, 162, 165, 160, 151
metricDPStoreError: 24, 24, 40, 40, 64, 68, 68, 68, 68, 71
metricTTStoreError: 19, 45, 57, 89, 56, 93, 174, 189, 188, 128
********************************************************************* 
metricRunTimeDP: 164, 140, 159, 179, 163, 108, 160, 162, 180, 142
metricRunTimeDPSort: 3, 3, 3, 3, 3, 4, 4, 4, 4, 5
metricDPError: 51, 80, 91, 126, 141, 158, 138, 206, 232, 221
metricDPStoreError: 51, 90, 144, 147, 162, 178, 180, 228, 250, 258
metricTTStoreError: 0, 10, 53, 59, 47, 44, 42, 24, 18, 39
********************************************************************* 
metricRunTimeDP: 165, 129, 161, 146, 164, 139, 140, 143, 168, 185
metricRunTimeDPSort: 2, 3, 3, 3, 3, 4, 4, 5, 4, 5
metricDPError: 20, 26, 44, 127, 96, 89, 112, 130, 111, 118
metricDPStoreError: 6, 15, 28, 78, 78, 80, 88, 106, 106, 132
metricTTStoreError: 14, 11, 32, 65, 104, 61, 54, 40, 39, 14
********************************************************************* 
metricRunTimeDP: 175, 170, 141, 191, 139, 125, 172, 179, 154, 170
metricRunTimeDPSort: 3, 2, 3, 3, 3, 4, 4, 4, 4, 4
metricDPError: 97, 146, 186, 205, 226, 201, 224, 243, 275, 291
metricDPStoreError: 97, 151, 195, 227, 240, 252, 270, 295, 316, 329
metricTTStoreError: 0, 51, 9, 54, 86, 69, 64, 86, 41, 38
********************************************************************* 
metricRunTimeDP: 164, 155, 145, 160, 142, 151, 159, 137, 144, 169
metricRunTimeDPSort: 3, 3, 3, 3, 3, 4, 4, 4, 5, 5
metricDPError: 41, 76, 88, 91, 114, 87, 110, 112, 135, 151
metricDPStoreError: 31, 46, 57, 93, 131, 139, 163, 164, 175, 175
metricTTStoreError: 10, 34, 33, 2, 33, 62, 53, 52, 52, 50
********************************************************************* 
metricRunTimeDP: 174, 164, 155, 165, 156, 161, 148, 137, 165, 153
metricRunTimeDPSort: 2, 3, 3, 3, 4, 4, 4, 4, 5, 5
metricDPError: 23, 32, 69, 29, 62, 55, 47, 55, 44, 88
metricDPStoreError: 14, 20, 50, 50, 50, 50, 62, 63, 63, 84
metricTTStoreError: 9, 20, 41, 59, 58, 101, 71, 50, 57, 52
********************************************************************* 
metricRunTimeDP: 177, 163, 138, 155, 166, 151, 127, 173, 164, 168
metricRunTimeDPSort: 2, 2, 3, 3, 4, 4, 4, 4, 5, 5
metricDPError: 44, 49, 49, 54, 86, 141, 187, 233, 299, 238
metricDPStoreError: 34, 34, 34, 53, 85, 129, 182, 214, 262, 262
metricTTStoreError: 10, 31, 67, 21, 13, 42, 55, 53, 45, 68
********************************************************************* 
metricRunTimeDP: 120, 161, 158, 162, 158, 152, 114, 168, 141, 155
metricRunTimeDPSort: 2, 3, 3, 3, 3, 4, 4, 4, 4, 5
metricDPError: 64, 76, 110, 95, 105, 168, 217, 204, 192, 125
metricDPStoreError: 64, 86, 120, 147, 147, 186, 238, 245, 245, 245
metricTTStoreError: 0, 10, 10, 52, 44, 18, 21, 71, 139, 132
********************************************************************* 
metricRunTimeDP: 164, 129, 144, 140, 169, 143, 127, 125, 141, 159
metricRunTimeDPSort: 2, 3, 2, 3, 4, 4, 4, 5, 5, 5
metricDPError: 92, 92, 47, 79, 62, 73, 44, 97, 96, 128
metricDPStoreError: 92, 103, 103, 115, 118, 125, 125, 144, 156, 170
metricTTStoreError: 0, 13, 80, 66, 68, 92, 101, 107, 120, 74
********************************************************************* 
metricRunTimeDP: 170, 171, 165, 142, 151, 162, 172, 142, 155, 160
metricRunTimeDPSort: 2, 3, 3, 3, 4, 4, 4, 5, 5, 6
metricDPError: 66, 70, 47, 41, 81, 152, 169, 149, 151, 196
metricDPStoreError: 53, 53, 53, 53, 75, 79, 85, 92, 101, 109
metricTTStoreError: 13, 69, 52, 64, 64, 121, 130, 117, 124, 161
********************************************************************* 
metricRunTimeDP: 168, 138, 147, 172, 135, 165, 114, 128, 142, 156
metricRunTimeDPSort: 2, 2, 3, 3, 3, 4, 4, 4, 5, 5
metricDPError: 54, 76, 100, 109, 77, 101, 137, 164, 192, 239
metricDPStoreError: 54, 80, 104, 116, 116, 116, 160, 169, 169, 195
metricTTStoreError: 0, 10, 16, 33, 73, 57, 23, 87, 89, 94
********************************************************************* 
metricRunTimeDP: 193, 161, 168, 126, 189, 149, 114, 139, 184, 155
metricRunTimeDPSort: 2, 3, 3, 3, 3, 4, 4, 4, 4, 5
metricDPError: 68, 108, 93, 88, 98, 155, 181, 240, 264, 294
metricDPStoreError: 25, 52, 57, 66, 81, 138, 146, 208, 229, 257
metricTTStoreError: 43, 56, 36, 22, 43, 47, 43, 52, 47, 37
********************************************************************* 
metricRunTimeDP: 153, 145, 154, 175, 122, 160, 169, 176, 118, 183
metricRunTimeDPSort: 3, 3, 3, 3, 3, 4, 4, 4, 4, 5
metricDPError: 97, 164, 202, 209, 195, 168, 155, 219, 190, 208
metricDPStoreError: 76, 128, 177, 200, 200, 200, 200, 206, 208, 213
metricTTStoreError: 21, 36, 59, 45, 65, 86, 81, 73, 104, 71
********************************************************************* 
metricRunTimeDP: 170, 170, 141, 155, 161, 138, 130, 140, 143, 169
metricRunTimeDPSort: 2, 2, 3, 3, 3, 4, 4, 4, 4, 5
metricDPError: 92, 149, 215, 203, 171, 127, 102, 181, 179, 209
metricDPStoreError: 85, 154, 215, 228, 228, 228, 228, 228, 235, 247
metricTTStoreError: 7, 5, 0, 25, 57, 101, 126, 47, 56, 38
********************************************************************* 
metricRunTimeDP: 176, 151, 171, 159, 151, 122, 160, 160, 166, 156
metricRunTimeDPSort: 2, 3, 3, 3, 3, 3, 4, 4, 4, 5
metricDPError: 21, 50, 163, 150, 237, 223, 237, 252, 219, 204
metricDPStoreError: 4, 51, 166, 171, 240, 261, 292, 330, 330, 330
metricTTStoreError: 17, 5, 3, 21, 3, 38, 55, 78, 111, 162
********************************************************************* 
metricRunTimeDP: 180, 168, 157, 133, 148, 131, 175, 139, 171, 163
metricRunTimeDPSort: 3, 3, 3, 4, 4, 4, 4, 5, 5, 5
metricDPError: 36, 107, 131, 119, 137, 162, 200, 186, 141, 161
metricDPStoreError: 17, 46, 49, 49, 68, 71, 106, 129, 129, 129
metricTTStoreError: 19, 69, 134, 150, 141, 163, 146, 119, 90, 92
********************************************************************* 
metricRunTimeDP: 187, 141, 127, 135, 142, 117, 146, 127, 173, 140
metricRunTimeDPSort: 2, 3, 3, 3, 4, 4, 4, 5, 5, 5
metricDPError: 48, 103, 102, 79, 124, 95, 130, 175, 217, 249
metricDPStoreError: 2, 29, 29, 31, 60, 65, 65, 86, 152, 172
metricTTStoreError: 46, 74, 83, 56, 64, 76, 75, 105, 91, 77
********************************************************************* 
metricRunTimeDP: 149, 147, 148, 156, 146, 140, 161, 154, 202, 139
metricRunTimeDPSort: 2, 3, 3, 3, 3, 4, 4, 5, 5, 5
metricDPError: 34, 32, 89, 56, 88, 146, 81, 78, 154, 206
metricDPStoreError: 10, 18, 55, 68, 68, 99, 102, 102, 128, 178
metricTTStoreError: 24, 14, 36, 30, 56, 49, 73, 70, 88, 90
********************************************************************* 
metricRunTimeDP: 172, 161, 153, 128, 137, 115, 139, 162, 160, 166
metricRunTimeDPSort: 2, 2, 3, 3, 3, 3, 4, 4, 5, 5
metricDPError: 73, 196, 208, 203, 199, 204, 207, 167, 169, 156
metricDPStoreError: 73, 201, 215, 217, 243, 243, 243, 243, 256, 256
metricTTStoreError: 0, 5, 23, 36, 62, 61, 120, 190, 193, 100
