********************************************************************* 
metricRunTimeDP: 179, 168, 161, 116, 143, 116, 161, 144, 115, 169
metricRunTimeDPSort: 2, 2, 3, 3, 3, 3, 4, 4, 4, 4
metricDPError: 45, 159, 167, 202, 267, 243, 225, 278, 298, 309
metricDPStoreError: 37, 121, 176, 229, 294, 309, 321, 349, 350, 361
metricTTStoreError: 8, 38, 9, 47, 27, 66, 118, 73, 56, 52
********************************************************************* 
metricRunTimeDP: 125, 126, 148, 121, 131, 150, 117, 133, 177, 156
metricRunTimeDPSort: 2, 3, 3, 3, 4, 4, 4, 5, 5, 5
metricDPError: 61, 55, 85, 109, 91, 120, 220, 283, 258, 255
metricDPStoreError: 46, 46, 46, 46, 46, 46, 87, 110, 116, 116
metricTTStoreError: 15, 55, 89, 105, 135, 162, 217, 257, 226, 229
********************************************************************* 
metricRunTimeDP: 163, 121, 141, 105, 125, 109, 116, 132, 132, 159
metricRunTimeDPSort: 2, 3, 3, 3, 3, 4, 4, 4, 5, 5
metricDPError: 39, 48, 46, 55, 96, 116, 142, 149, 135, 113
metricDPStoreError: 39, 53, 61, 79, 104, 124, 148, 163, 187, 187
metricTTStoreError: 0, 17, 23, 38, 30, 8, 6, 14, 52, 74
