********************************************************************* 
metricRunTimeDP: 126, 120, 160, 107, 157, 133, 100, 147, 123, 175
metricRunTimeDPSort: 2, 2, 2, 2, 2, 2, 2, 2, 3, 2
metricDPError: 1, 5, 8, 11, 13, 16, 15, 22, 23, 23
metricDPStoreError: 1, 3, 5, 5, 6, 8, 8, 12, 14, 16
metricTTStoreError: 0, 2, 3, 8, 7, 8, 7, 10, 9, 11
********************************************************************* 
metricRunTimeDP: 134, 127, 169, 117, 128, 139, 139, 119, 131, 133
metricRunTimeDPSort: 2, 2, 2, 2, 2, 2, 2, 2, 2, 2
metricDPError: 3, 6, 7, 8, 6, 12, 12, 12, 15, 16
metricDPStoreError: 0, 1, 2, 2, 2, 3, 3, 3, 5, 7
metricTTStoreError: 3, 5, 5, 6, 8, 9, 9, 9, 10, 9
********************************************************************* 
metricRunTimeDP: 135, 134, 122, 102, 123, 142, 121, 132, 130, 143
metricRunTimeDPSort: 2, 2, 2, 2, 2, 2, 2, 2, 2, 2
metricDPError: 2, 11, 15, 14, 18, 17, 28, 28, 29, 33
metricDPStoreError: 0, 5, 7, 7, 7, 7, 10, 10, 11, 14
metricTTStoreError: 2, 6, 8, 15, 17, 20, 18, 18, 18, 21
********************************************************************* 
metricRunTimeDP: 167, 122, 110, 149, 135, 143, 148, 148, 121, 145
metricRunTimeDPSort: 2, 2, 2, 2, 2, 2, 2, 2, 2, 3
metricDPError: 4, 12, 11, 16, 14, 14, 18, 26, 24, 20
metricDPStoreError: 1, 8, 8, 13, 13, 13, 14, 18, 18, 18
metricTTStoreError: 3, 4, 3, 3, 5, 5, 4, 8, 8, 10
********************************************************************* 
metricRunTimeDP: 153, 158, 116, 138, 148, 143, 104, 152, 133, 148
metricRunTimeDPSort: 2, 2, 2, 2, 2, 2, 2, 2, 3, 2
metricDPError: 4, 5, 9, 8, 8, 8, 8, 10, 15, 12
metricDPStoreError: 3, 5, 9, 9, 11, 11, 12, 13, 18, 18
metricTTStoreError: 1, 0, 0, 1, 3, 3, 4, 5, 3, 6
********************************************************************* 
metricRunTimeDP: 153, 155, 146, 118, 119, 119, 129, 130, 139, 131
metricRunTimeDPSort: 2, 2, 2, 2, 2, 2, 2, 2, 3, 3
metricDPError: 8, 7, 11, 13, 16, 17, 19, 21, 16, 20
metricDPStoreError: 5, 7, 9, 11, 12, 14, 14, 14, 14, 14
metricTTStoreError: 3, 4, 6, 8, 10, 11, 15, 17, 18, 20
********************************************************************* 
metricRunTimeDP: 153, 155, 157, 120, 144, 152, 150, 149, 129, 126
metricRunTimeDPSort: 2, 2, 2, 2, 2, 2, 2, 2, 2, 2
metricDPError: 2, 4, 6, 16, 17, 17, 21, 21, 22, 24
metricDPStoreError: 1, 1, 1, 1, 4, 4, 6, 8, 8, 8
metricTTStoreError: 1, 5, 7, 15, 13, 15, 15, 17, 16, 16
********************************************************************* 
metricRunTimeDP: 165, 154, 134, 159, 148, 158, 159, 113, 149, 142
metricRunTimeDPSort: 2, 2, 2, 2, 2, 2, 3, 2, 2, 3
metricDPError: 1, 4, 6, 4, 3, 8, 9, 11, 11, 13
metricDPStoreError: 1, 4, 6, 6, 6, 7, 7, 7, 7, 7
metricTTStoreError: 0, 0, 4, 2, 3, 7, 10, 14, 14, 16
********************************************************************* 
metricRunTimeDP: 166, 147, 139, 140, 128, 144, 119, 179, 120, 171
metricRunTimeDPSort: 2, 2, 2, 2, 2, 2, 2, 2, 3, 3
metricDPError: 4, 7, 9, 13, 13, 12, 17, 19, 16, 21
metricDPStoreError: 0, 0, 0, 0, 0, 0, 1, 1, 1, 1
metricTTStoreError: 4, 7, 9, 13, 13, 12, 16, 18, 17, 22
********************************************************************* 
metricRunTimeDP: 152, 134, 132, 156, 142, 153, 143, 133, 132, 130
metricRunTimeDPSort: 2, 2, 2, 2, 2, 3, 2, 2, 2, 2
metricDPError: 4, 9, 10, 11, 10, 11, 15, 17, 18, 17
metricDPStoreError: 3, 5, 6, 7, 7, 7, 13, 16, 17, 17
metricTTStoreError: 1, 6, 6, 6, 5, 6, 4, 3, 5, 6
********************************************************************* 
metricRunTimeDP: 133, 105, 148, 132, 158, 107, 138, 136, 161, 134
metricRunTimeDPSort: 2, 2, 2, 2, 2, 2, 2, 2, 2, 3
metricDPError: 6, 6, 8, 10, 10, 8, 8, 11, 9, 11
metricDPStoreError: 1, 2, 2, 4, 5, 6, 7, 8, 8, 8
metricTTStoreError: 5, 4, 6, 6, 5, 8, 7, 11, 13, 15
********************************************************************* 
metricRunTimeDP: 127, 134, 153, 134, 117, 143, 142, 133, 166, 147
metricRunTimeDPSort: 2, 2, 2, 2, 3, 2, 2, 2, 2, 3
metricDPError: 9, 10, 10, 8, 5, 3, 3, 12, 13, 17
metricDPStoreError: 0, 0, 1, 1, 1, 1, 2, 10, 11, 13
metricTTStoreError: 9, 10, 9, 7, 4, 2, 1, 2, 2, 4
********************************************************************* 
metricRunTimeDP: 160, 119, 136, 122, 156, 103, 139, 150, 165, 167
metricRunTimeDPSort: 2, 2, 2, 2, 2, 2, 2, 2, 2, 2
metricDPError: 4, 5, 4, 7, 6, 7, 9, 10, 8, 7
metricDPStoreError: 1, 1, 1, 3, 4, 5, 5, 6, 6, 6
metricTTStoreError: 3, 6, 5, 4, 4, 4, 10, 10, 10, 11
********************************************************************* 
metricRunTimeDP: 160, 139, 147, 134, 132, 116, 138, 116, 150, 131
metricRunTimeDPSort: 2, 2, 2, 2, 2, 2, 2, 2, 3, 2
metricDPError: 10, 11, 11, 13, 11, 12, 15, 15, 16, 16
metricDPStoreError: 4, 6, 6, 8, 8, 8, 8, 8, 8, 8
metricTTStoreError: 6, 5, 5, 5, 5, 6, 9, 11, 12, 14
********************************************************************* 
metricRunTimeDP: 185, 163, 124, 135, 129, 108, 153, 132, 133, 137
metricRunTimeDPSort: 2, 2, 2, 2, 2, 2, 2, 2, 2, 2
metricDPError: 4, 5, 11, 12, 14, 16, 20, 19, 18, 20
metricDPStoreError: 3, 4, 9, 12, 13, 13, 14, 14, 14, 16
metricTTStoreError: 1, 1, 2, 4, 3, 7, 6, 5, 4, 6
********************************************************************* 
metricRunTimeDP: 141, 108, 135, 118, 126, 140, 104, 161, 142, 117
metricRunTimeDPSort: 2, 2, 2, 2, 2, 2, 2, 3, 2, 2
metricDPError: 4, 4, 7, 11, 8, 11, 12, 16, 16, 21
metricDPStoreError: 4, 6, 6, 9, 10, 12, 12, 14, 14, 17
metricTTStoreError: 0, 4, 7, 4, 2, 3, 2, 4, 8, 10
********************************************************************* 
metricRunTimeDP: 154, 132, 120, 129, 144, 136, 146, 139, 131, 131
metricRunTimeDPSort: 2, 2, 2, 2, 2, 2, 2, 2, 2, 2
metricDPError: 3, 7, 7, 8, 6, 8, 11, 15, 14, 17
metricDPStoreError: 0, 0, 0, 0, 0, 0, 0, 0, 0, 0
metricTTStoreError: 3, 7, 7, 8, 6, 8, 11, 15, 14, 17
********************************************************************* 
metricRunTimeDP: 120, 142, 126, 126, 153, 148, 116, 132, 153, 130
metricRunTimeDPSort: 2, 2, 2, 2, 2, 2, 2, 2, 2, 2
metricDPError: 5, 11, 8, 7, 8, 9, 11, 12, 16, 13
metricDPStoreError: 2, 2, 2, 3, 3, 3, 3, 3, 4, 4
metricTTStoreError: 3, 9, 10, 8, 11, 12, 14, 15, 14, 11
********************************************************************* 
metricRunTimeDP: 166, 129, 147, 141, 163, 133, 102, 147, 108, 163
metricRunTimeDPSort: 2, 2, 2, 2, 2, 2, 2, 2, 2, 2
metricDPError: 5, 8, 8, 10, 14, 14, 14, 12, 13, 14
metricDPStoreError: 5, 8, 9, 11, 14, 15, 16, 17, 17, 17
metricTTStoreError: 0, 0, 1, 1, 0, 1, 2, 5, 6, 9
********************************************************************* 
metricRunTimeDP: 133, 147, 137, 155, 180, 124, 105, 143, 123, 145
metricRunTimeDPSort: 2, 2, 2, 2, 2, 2, 2, 2, 3, 2
metricDPError: 3, 3, 8, 4, 5, 5, 6, 6, 5, 11
metricDPStoreError: 1, 1, 3, 3, 3, 4, 6, 7, 7, 12
metricTTStoreError: 2, 2, 5, 7, 8, 7, 6, 5, 6, 5
********************************************************************* 
metricRunTimeDP: 154, 161, 139, 151, 131, 148, 166, 134, 126, 122
metricRunTimeDPSort: 2, 2, 2, 2, 2, 2, 2, 2, 2, 3
metricDPError: 8, 9, 13, 13, 22, 25, 28, 21, 22, 32
metricDPStoreError: 0, 1, 1, 1, 8, 11, 12, 12, 12, 15
metricTTStoreError: 8, 8, 12, 12, 14, 14, 16, 9, 10, 17
********************************************************************* 
metricRunTimeDP: 136, 104, 120, 135, 133, 131, 159, 147, 135, 102
metricRunTimeDPSort: 2, 2, 2, 2, 2, 2, 2, 2, 2, 2
metricDPError: 10, 13, 14, 13, 15, 17, 13, 16, 16, 15
metricDPStoreError: 1, 1, 1, 1, 1, 1, 1, 1, 1, 1
metricTTStoreError: 9, 14, 15, 14, 16, 18, 14, 17, 17, 16
********************************************************************* 
metricRunTimeDP: 170, 136, 136, 107, 167, 119, 147, 167, 159, 161
metricRunTimeDPSort: 2, 2, 2, 2, 2, 2, 2, 3, 2, 3
metricDPError: 3, 2, 4, 4, 5, 5, 6, 8, 11, 12
metricDPStoreError: 0, 0, 1, 2, 3, 4, 8, 10, 13, 15
metricTTStoreError: 3, 2, 3, 2, 2, 1, 2, 6, 4, 5
********************************************************************* 
metricRunTimeDP: 173, 119, 129, 133, 153, 119, 151, 130, 144, 139
metricRunTimeDPSort: 2, 2, 2, 2, 2, 2, 2, 3, 2, 2
metricDPError: 4, 5, 5, 7, 6, 6, 8, 5, 7, 8
metricDPStoreError: 4, 4, 4, 5, 6, 8, 9, 11, 14, 14
metricTTStoreError: 0, 1, 3, 2, 2, 2, 5, 8, 7, 6
********************************************************************* 
metricRunTimeDP: 153, 138, 107, 119, 132, 149, 160, 135, 116, 122
metricRunTimeDPSort: 2, 2, 2, 2, 2, 2, 3, 2, 2, 3
metricDPError: 3, 3, 10, 10, 19, 16, 18, 20, 22, 24
metricDPStoreError: 0, 0, 3, 3, 3, 3, 4, 7, 9, 10
metricTTStoreError: 3, 3, 7, 7, 16, 15, 14, 13, 13, 16
********************************************************************* 
metricRunTimeDP: 157, 131, 140, 129, 169, 157, 118, 107, 149, 161
metricRunTimeDPSort: 2, 2, 2, 2, 2, 2, 2, 3, 2, 3
metricDPError: 3, 10, 13, 21, 20, 24, 30, 29, 29, 33
metricDPStoreError: 3, 10, 13, 14, 14, 15, 16, 16, 16, 16
metricTTStoreError: 0, 0, 0, 11, 10, 13, 16, 17, 23, 27
********************************************************************* 
metricRunTimeDP: 165, 150, 144, 155, 105, 107, 132, 160, 142, 146
metricRunTimeDPSort: 2, 2, 2, 2, 2, 2, 2, 2, 2, 2
metricDPError: 1, 3, 9, 13, 13, 13, 18, 27, 26, 19
metricDPStoreError: 0, 3, 9, 13, 16, 17, 20, 26, 26, 26
metricTTStoreError: 1, 0, 0, 0, 3, 6, 4, 5, 6, 13
********************************************************************* 
metricRunTimeDP: 183, 151, 156, 137, 132, 133, 121, 134, 105, 127
metricRunTimeDPSort: 2, 2, 2, 2, 2, 2, 2, 2, 2, 2
metricDPError: 3, 6, 11, 10, 14, 17, 17, 18, 12, 18
metricDPStoreError: 2, 5, 7, 8, 14, 16, 18, 20, 20, 24
metricTTStoreError: 1, 1, 4, 4, 4, 3, 1, 2, 8, 8
********************************************************************* 
metricRunTimeDP: 154, 134, 113, 161, 138, 132, 166, 120, 127, 158
metricRunTimeDPSort: 2, 2, 2, 2, 2, 2, 2, 2, 2, 2
metricDPError: 4, 5, 8, 5, 8, 11, 12, 11, 8, 11
metricDPStoreError: 1, 2, 4, 5, 8, 9, 12, 12, 12, 15
metricTTStoreError: 3, 3, 4, 2, 0, 2, 0, 1, 6, 4
********************************************************************* 
metricRunTimeDP: 154, 121, 137, 168, 103, 164, 135, 152, 162, 149
metricRunTimeDPSort: 2, 2, 2, 2, 2, 2, 2, 3, 3, 2
metricDPError: 5, 6, 9, 12, 10, 9, 11, 12, 15, 22
metricDPStoreError: 4, 6, 10, 11, 11, 11, 11, 11, 11, 11
metricTTStoreError: 1, 0, 1, 5, 7, 12, 14, 23, 26, 31
********************************************************************* 
metricRunTimeDP: 125, 159, 147, 104, 114, 147, 104, 134, 158, 162
metricRunTimeDPSort: 2, 2, 2, 2, 2, 2, 2, 2, 3, 3
metricDPError: 3, 7, 14, 16, 21, 24, 32, 31, 30, 30
metricDPStoreError: 3, 7, 13, 15, 17, 20, 28, 28, 28, 29
metricTTStoreError: 0, 0, 1, 3, 4, 4, 8, 11, 12, 13
********************************************************************* 
metricRunTimeDP: 137, 128, 144, 120, 156, 146, 157, 132, 163, 173
metricRunTimeDPSort: 2, 2, 2, 2, 2, 2, 2, 2, 2, 3
metricDPError: 0, 3, 6, 11, 11, 14, 13, 14, 13, 14
metricDPStoreError: 0, 3, 5, 8, 9, 13, 13, 13, 13, 16
metricTTStoreError: 0, 0, 1, 3, 4, 7, 6, 5, 6, 4
********************************************************************* 
metricRunTimeDP: 145, 108, 130, 165, 163, 158, 151, 147, 151, 123
metricRunTimeDPSort: 2, 2, 2, 2, 2, 2, 2, 3, 2, 2
metricDPError: 1, 2, 10, 10, 13, 16, 16, 14, 14, 15
metricDPStoreError: 0, 0, 5, 5, 6, 10, 10, 11, 12, 12
metricTTStoreError: 1, 2, 5, 5, 9, 8, 6, 3, 4, 5
********************************************************************* 
metricRunTimeDP: 124, 120, 124, 122, 120, 146, 148, 147, 112, 146
metricRunTimeDPSort: 2, 2, 2, 2, 2, 2, 2, 2, 3, 2
metricDPError: 5, 8, 9, 7, 9, 12, 15, 14, 18, 15
metricDPStoreError: 5, 5, 6, 6, 7, 10, 11, 11, 12, 12
metricTTStoreError: 0, 3, 3, 3, 2, 2, 4, 3, 6, 5
********************************************************************* 
metricRunTimeDP: 167, 124, 156, 168, 160, 147, 131, 145, 148, 164
metricRunTimeDPSort: 2, 2, 2, 2, 2, 2, 2, 2, 2, 3
metricDPError: 1, 8, 9, 15, 14, 18, 21, 16, 16, 20
metricDPStoreError: 1, 4, 4, 5, 6, 7, 10, 10, 10, 13
metricTTStoreError: 0, 4, 7, 12, 10, 15, 13, 12, 12, 11
********************************************************************* 
metricRunTimeDP: 145, 106, 104, 106, 131, 147, 100, 108, 150, 148
metricRunTimeDPSort: 2, 2, 2, 2, 2, 3, 3, 2, 2, 2
metricDPError: 1, 9, 5, 9, 11, 11, 14, 13, 14, 28
metricDPStoreError: 1, 1, 1, 1, 4, 4, 6, 6, 6, 15
metricTTStoreError: 0, 8, 6, 10, 7, 9, 8, 9, 10, 13
********************************************************************* 
metricRunTimeDP: 121, 143, 150, 131, 155, 110, 147, 145, 116, 125
metricRunTimeDPSort: 2, 2, 2, 2, 2, 2, 2, 2, 2, 2
metricDPError: 7, 3, 10, 8, 11, 15, 11, 11, 8, 7
metricDPStoreError: 7, 7, 13, 14, 14, 17, 17, 18, 18, 18
metricTTStoreError: 0, 4, 5, 8, 7, 4, 8, 7, 10, 13
********************************************************************* 
metricRunTimeDP: 151, 142, 133, 117, 159, 157, 172, 152, 133, 146
metricRunTimeDPSort: 2, 2, 2, 2, 2, 2, 3, 2, 2, 2
metricDPError: 2, 2, 4, 7, 8, 7, 5, 5, 5, 8
metricDPStoreError: 2, 2, 4, 7, 9, 10, 10, 10, 10, 11
metricTTStoreError: 0, 0, 0, 2, 1, 3, 5, 5, 5, 5
