********************************************************************* 
metricRunTimeDP: 1099, 1209, 1285, 1249, 1347, 1282, 1185, 1287, 1300, 1219
metricRunTimeDPSort: 40, 42, 41, 41, 41, 42, 41, 41, 41, 40
metricDPError: 0, 0, 0, 0, 0, 0, 0, 0, 0, 0
metricDPStoreError: 0, 0, 0, 0, 0, 0, 0, 0, 0, 0
metricTTStoreError: 0, 0, 0, 0, 0, 0, 0, 0, 0, 0
********************************************************************* 
metricRunTimeDP: 1046, 1241, 1124, 1266, 1276, 1307, 1302, 1138, 1234, 1240
metricRunTimeDPSort: 40, 41, 42, 42, 41, 41, 41, 41, 42, 40
metricDPError: 0, 0, 0, 0, 0, 0, 0, 0, 0, 0
metricDPStoreError: 0, 0, 0, 0, 0, 0, 0, 0, 0, 0
metricTTStoreError: 0, 0, 0, 0, 0, 0, 0, 0, 0, 0
********************************************************************* 
metricRunTimeDP: 1158, 1275, 1254, 1277, 1322, 1276, 1368, 1315, 1319, 1258
metricRunTimeDPSort: 42, 41, 41, 41, 41, 41, 40, 41, 41, 41
metricDPError: 0, 0, 0, 0, 0, 0, 0, 0, 0, 0
metricDPStoreError: 0, 0, 0, 0, 0, 0, 0, 0, 0, 0
metricTTStoreError: 0, 0, 0, 0, 0, 0, 0, 0, 0, 0
