********************************************************************* 
metricRunTimeDP: 1147, 1229, 1291, 1284, 1360, 1294, 1198, 1306, 1313, 1231
metricRunTimeDPSort: 40, 41, 41, 41, 41, 42, 41, 40, 41, 40
metricDPError: 0, 0, 0, 0, 0, 0, 0, 0, 0, 0
metricDPStoreError: 0, 0, 0, 0, 0, 0, 0, 0, 0, 0
metricTTStoreError: 0, 0, 0, 0, 0, 0, 0, 0, 0, 0
********************************************************************* 
metricRunTimeDP: 1079, 1276, 1159, 1277, 1290, 1326, 1322, 1158, 1262, 1276
metricRunTimeDPSort: 40, 41, 42, 42, 41, 41, 41, 41, 42, 40
metricDPError: 0, 0, 0, 0, 0, 0, 0, 0, 0, 0
metricDPStoreError: 0, 0, 0, 0, 0, 0, 0, 0, 0, 0
metricTTStoreError: 0, 0, 0, 0, 0, 0, 0, 0, 0, 0
