********************************************************************* 
metricRunTimeDP: 1306, 1224, 1171, 1348, 1226, 1407, 1306, 1322, 1115, 1298
metricRunTimeDPSort: 41, 43, 43, 44, 44, 44, 45, 45, 45, 45
metricDPError: 56, 75, 63, 91, 88, 128, 118, 91, 59, 61
metricDPStoreError: 0, 26, 26, 30, 38, 54, 58, 72, 76, 76
metricTTStoreError: 56, 49, 81, 73, 54, 74, 60, 83, 97, 103
********************************************************************* 
metricRunTimeDP: 1515, 1436, 1280, 1437, 1321, 1377, 1461, 1502, 1357, 1453
metricRunTimeDPSort: 42, 42, 41, 43, 43, 44, 44, 45, 45, 45
metricDPError: 85, 28, 44, 60, 96, 94, 86, 81, 160, 130
metricDPStoreError: 12, 15, 15, 28, 43, 44, 44, 49, 69, 69
metricTTStoreError: 73, 29, 53, 60, 57, 90, 86, 70, 127, 127
