********************************************************************* 
metricRunTimeDP: 1175, 1258, 1040, 1363, 1276, 1264, 1262, 1209, 1271, 1179
metricRunTimeDPSort: 40, 41, 40, 41, 42, 40, 41, 40, 41, 41
metricDPError: 4, 10, 14, 15, 16, 12, 13, 11, 13, 13
metricDPStoreError: 0, 2, 4, 5, 7, 7, 7, 7, 7, 7
metricTTStoreError: 4, 8, 10, 10, 9, 7, 10, 10, 14, 14
********************************************************************* 
metricRunTimeDP: 1388, 1324, 1236, 1205, 1228, 1379, 1344, 1317, 1237, 1143
metricRunTimeDPSort: 42, 41, 41, 41, 41, 40, 41, 42, 43, 40
metricDPError: 6, 8, 11, 14, 11, 15, 16, 19, 17, 26
metricDPStoreError: 4, 6, 8, 9, 9, 12, 12, 15, 15, 20
metricTTStoreError: 2, 2, 3, 5, 2, 5, 6, 6, 6, 6
