********************************************************************* 
metricRunTimeDP: 112, 112, 153, 97, 148, 124, 96, 138, 111, 165
metricRunTimeDPSort: 2, 2, 2, 2, 2, 2, 2, 2, 3, 2
metricDPError: 1, 5, 8, 11, 13, 16, 15, 22, 23, 23
metricDPStoreError: 1, 3, 5, 5, 6, 8, 8, 12, 14, 16
metricTTStoreError: 0, 2, 3, 8, 7, 8, 7, 10, 9, 11
********************************************************************* 
metricRunTimeDP: 125, 118, 161, 109, 123, 131, 132, 110, 127, 126
metricRunTimeDPSort: 2, 2, 2, 2, 2, 2, 2, 2, 2, 2
metricDPError: 3, 6, 7, 8, 6, 12, 12, 12, 15, 16
metricDPStoreError: 0, 1, 2, 2, 2, 3, 3, 3, 5, 7
metricTTStoreError: 3, 5, 5, 6, 8, 9, 9, 9, 10, 9
********************************************************************* 
metricRunTimeDP: 126, 125, 112, 95, 112, 136, 110, 121, 126, 134
metricRunTimeDPSort: 2, 2, 2, 2, 2, 2, 2, 2, 2, 2
metricDPError: 2, 11, 15, 14, 18, 17, 28, 28, 29, 33
metricDPStoreError: 0, 5, 7, 7, 7, 7, 10, 10, 11, 14
metricTTStoreError: 2, 6, 8, 15, 17, 20, 18, 18, 18, 21
********************************************************************* 
metricRunTimeDP: 153, 112, 106, 137, 125, 137, 139, 141, 114, 140
metricRunTimeDPSort: 2, 2, 2, 2, 2, 2, 2, 2, 2, 3
metricDPError: 4, 12, 11, 16, 14, 14, 18, 26, 24, 20
metricDPStoreError: 1, 8, 8, 13, 13, 13, 14, 18, 18, 18
metricTTStoreError: 3, 4, 3, 3, 5, 5, 4, 8, 8, 10
********************************************************************* 
metricRunTimeDP: 139, 153, 113, 125, 136, 136, 100, 147, 123, 139
metricRunTimeDPSort: 2, 2, 2, 3, 2, 2, 2, 2, 3, 2
metricDPError: 4, 5, 9, 8, 8, 8, 8, 10, 15, 12
metricDPStoreError: 3, 5, 9, 9, 11, 11, 12, 13, 18, 18
metricTTStoreError: 1, 0, 0, 1, 3, 3, 4, 5, 3, 6
********************************************************************* 
metricRunTimeDP: 138, 151, 144, 110, 113, 111, 123, 121, 134, 123
metricRunTimeDPSort: 2, 2, 2, 2, 2, 2, 2, 2, 3, 3
metricDPError: 8, 7, 11, 13, 16, 17, 19, 21, 16, 20
metricDPStoreError: 5, 7, 9, 11, 12, 14, 14, 14, 14, 14
metricTTStoreError: 3, 4, 6, 8, 10, 11, 15, 17, 18, 20
********************************************************************* 
metricRunTimeDP: 141, 144, 152, 112, 140, 142, 140, 140, 125, 122
metricRunTimeDPSort: 2, 2, 2, 2, 2, 2, 2, 2, 2, 2
metricDPError: 2, 4, 6, 16, 17, 17, 21, 21, 22, 24
metricDPStoreError: 1, 1, 1, 1, 4, 4, 6, 8, 8, 8
metricTTStoreError: 1, 5, 7, 15, 13, 15, 15, 17, 16, 16
********************************************************************* 
metricRunTimeDP: 155, 150, 125, 147, 141, 153, 150, 109, 139, 137
metricRunTimeDPSort: 2, 2, 2, 2, 2, 2, 3, 2, 2, 3
metricDPError: 1, 4, 6, 4, 3, 8, 9, 11, 11, 13
metricDPStoreError: 1, 4, 6, 6, 6, 7, 7, 7, 7, 7
metricTTStoreError: 0, 0, 4, 2, 3, 7, 10, 14, 14, 16
********************************************************************* 
metricRunTimeDP: 155, 140, 133, 129, 121, 141, 111, 171, 116, 162
metricRunTimeDPSort: 2, 2, 2, 2, 2, 2, 2, 2, 3, 3
metricDPError: 4, 7, 9, 13, 13, 12, 17, 19, 16, 21
metricDPStoreError: 0, 0, 0, 0, 0, 0, 1, 1, 1, 1
metricTTStoreError: 4, 7, 9, 13, 13, 12, 16, 18, 17, 22
********************************************************************* 
metricRunTimeDP: 139, 126, 128, 147, 135, 150, 134, 128, 125, 125
metricRunTimeDPSort: 2, 2, 2, 2, 2, 3, 2, 2, 3, 2
metricDPError: 4, 9, 10, 11, 10, 11, 15, 17, 18, 17
metricDPStoreError: 3, 5, 6, 7, 7, 7, 13, 16, 17, 17
metricTTStoreError: 1, 6, 6, 6, 5, 6, 4, 3, 5, 6
********************************************************************* 
metricRunTimeDP: 121, 94, 143, 125, 155, 97, 127, 127, 155, 123
metricRunTimeDPSort: 2, 2, 2, 2, 2, 2, 2, 2, 2, 3
metricDPError: 6, 6, 8, 10, 10, 8, 8, 11, 9, 11
metricDPStoreError: 1, 2, 2, 4, 5, 6, 7, 8, 8, 8
metricTTStoreError: 5, 4, 6, 6, 5, 8, 7, 11, 13, 15
********************************************************************* 
metricRunTimeDP: 113, 127, 142, 123, 110, 136, 133, 128, 157, 141
metricRunTimeDPSort: 2, 2, 2, 2, 3, 2, 2, 2, 2, 3
metricDPError: 9, 10, 10, 8, 5, 3, 3, 12, 13, 17
metricDPStoreError: 0, 0, 1, 1, 1, 1, 2, 10, 11, 13
metricTTStoreError: 9, 10, 9, 7, 4, 2, 1, 2, 2, 4
********************************************************************* 
metricRunTimeDP: 148, 112, 127, 119, 153, 99, 128, 141, 158, 159
metricRunTimeDPSort: 2, 2, 2, 2, 2, 2, 2, 2, 2, 2
metricDPError: 4, 5, 4, 7, 6, 7, 9, 10, 8, 7
metricDPStoreError: 1, 1, 1, 3, 4, 5, 5, 6, 6, 6
metricTTStoreError: 3, 6, 5, 4, 4, 4, 10, 10, 10, 11
********************************************************************* 
metricRunTimeDP: 145, 128, 139, 123, 123, 110, 133, 110, 141, 120
metricRunTimeDPSort: 2, 2, 2, 2, 3, 2, 2, 2, 3, 2
metricDPError: 10, 11, 11, 13, 11, 12, 15, 15, 16, 16
metricDPStoreError: 4, 6, 6, 8, 8, 8, 8, 8, 8, 8
metricTTStoreError: 6, 5, 5, 5, 5, 6, 9, 11, 12, 14
********************************************************************* 
metricRunTimeDP: 164, 154, 113, 126, 124, 97, 150, 122, 124, 127
metricRunTimeDPSort: 2, 2, 2, 2, 2, 2, 2, 2, 2, 2
metricDPError: 4, 5, 11, 12, 14, 16, 20, 19, 18, 20
metricDPStoreError: 3, 4, 9, 12, 13, 13, 14, 14, 14, 16
metricTTStoreError: 1, 1, 2, 4, 3, 7, 6, 5, 4, 6
********************************************************************* 
metricRunTimeDP: 127, 97, 126, 110, 115, 136, 97, 150, 138, 113
metricRunTimeDPSort: 2, 2, 2, 2, 2, 2, 2, 3, 2, 2
metricDPError: 4, 4, 7, 11, 8, 11, 12, 16, 16, 21
metricDPStoreError: 4, 6, 6, 9, 10, 12, 12, 14, 14, 17
metricTTStoreError: 0, 4, 7, 4, 2, 3, 2, 4, 8, 10
********************************************************************* 
metricRunTimeDP: 145, 130, 112, 121, 136, 127, 138, 132, 125, 124
metricRunTimeDPSort: 2, 2, 2, 2, 2, 2, 2, 2, 2, 3
metricDPError: 3, 7, 7, 8, 6, 8, 11, 15, 14, 17
metricDPStoreError: 0, 0, 0, 0, 0, 0, 0, 0, 0, 0
metricTTStoreError: 3, 7, 7, 8, 6, 8, 11, 15, 14, 17
********************************************************************* 
metricRunTimeDP: 109, 138, 114, 123, 144, 140, 112, 124, 146, 124
metricRunTimeDPSort: 2, 2, 2, 2, 2, 2, 2, 2, 2, 2
metricDPError: 5, 11, 8, 7, 8, 9, 11, 12, 16, 13
metricDPStoreError: 2, 2, 2, 3, 3, 3, 3, 3, 4, 4
metricTTStoreError: 3, 9, 10, 8, 11, 12, 14, 15, 14, 11
********************************************************************* 
metricRunTimeDP: 157, 122, 139, 134, 154, 124, 97, 139, 97, 155
metricRunTimeDPSort: 2, 2, 2, 2, 2, 2, 2, 2, 2, 2
metricDPError: 5, 8, 8, 10, 14, 14, 14, 12, 13, 14
metricDPStoreError: 5, 8, 9, 11, 14, 15, 16, 17, 17, 17
metricTTStoreError: 0, 0, 1, 1, 0, 1, 2, 5, 6, 9
********************************************************************* 
metricRunTimeDP: 120, 138, 128, 150, 171, 117, 97, 135, 117, 136
metricRunTimeDPSort: 2, 2, 2, 2, 2, 2, 2, 2, 3, 3
metricDPError: 3, 3, 8, 4, 5, 5, 6, 6, 5, 11
metricDPStoreError: 1, 1, 3, 3, 3, 4, 6, 7, 7, 12
metricTTStoreError: 2, 2, 5, 7, 8, 7, 6, 5, 6, 5
********************************************************************* 
metricRunTimeDP: 140, 151, 130, 146, 123, 139, 158, 126, 121, 113
metricRunTimeDPSort: 2, 2, 2, 2, 2, 2, 3, 2, 2, 3
metricDPError: 8, 9, 13, 13, 22, 25, 28, 21, 22, 32
metricDPStoreError: 0, 1, 1, 1, 8, 11, 12, 12, 12, 15
metricTTStoreError: 8, 8, 12, 12, 14, 14, 16, 9, 10, 17
********************************************************************* 
metricRunTimeDP: 123, 94, 111, 131, 124, 123, 154, 138, 127, 95
metricRunTimeDPSort: 2, 2, 3, 2, 2, 2, 2, 2, 2, 2
metricDPError: 10, 13, 14, 13, 15, 17, 13, 16, 16, 15
metricDPStoreError: 1, 1, 1, 1, 1, 1, 1, 1, 1, 1
metricTTStoreError: 9, 14, 15, 14, 16, 18, 14, 17, 17, 16
********************************************************************* 
metricRunTimeDP: 148, 125, 128, 97, 157, 111, 144, 160, 151, 158
metricRunTimeDPSort: 2, 2, 2, 2, 2, 2, 2, 3, 2, 3
metricDPError: 3, 2, 4, 4, 5, 5, 6, 8, 11, 12
metricDPStoreError: 0, 0, 1, 2, 3, 4, 8, 10, 13, 15
metricTTStoreError: 3, 2, 3, 2, 2, 1, 2, 6, 4, 5
********************************************************************* 
metricRunTimeDP: 158, 109, 124, 128, 146, 110, 141, 125, 136, 136
metricRunTimeDPSort: 2, 2, 2, 2, 2, 2, 2, 3, 2, 3
metricDPError: 4, 5, 5, 7, 6, 6, 8, 5, 7, 8
metricDPStoreError: 4, 4, 4, 5, 6, 8, 9, 11, 14, 14
metricTTStoreError: 0, 1, 3, 2, 2, 2, 5, 8, 7, 6
********************************************************************* 
metricRunTimeDP: 140, 127, 97, 110, 122, 139, 156, 124, 111, 112
metricRunTimeDPSort: 2, 2, 2, 2, 2, 2, 3, 2, 2, 3
metricDPError: 3, 3, 10, 10, 19, 16, 18, 20, 22, 24
metricDPStoreError: 0, 0, 3, 3, 3, 3, 4, 7, 9, 10
metricTTStoreError: 3, 3, 7, 7, 16, 15, 14, 13, 13, 16
********************************************************************* 
metricRunTimeDP: 147, 125, 135, 124, 162, 150, 112, 97, 145, 156
metricRunTimeDPSort: 2, 2, 2, 2, 2, 2, 2, 3, 2, 3
metricDPError: 3, 10, 13, 21, 20, 24, 30, 29, 29, 33
metricDPStoreError: 3, 10, 13, 14, 14, 15, 16, 16, 16, 16
metricTTStoreError: 0, 0, 0, 11, 10, 13, 16, 17, 23, 27
********************************************************************* 
metricRunTimeDP: 154, 143, 134, 151, 101, 97, 124, 153, 138, 139
metricRunTimeDPSort: 2, 2, 2, 2, 2, 2, 2, 2, 2, 2
metricDPError: 1, 3, 9, 13, 13, 13, 18, 27, 26, 19
metricDPStoreError: 0, 3, 9, 13, 16, 17, 20, 26, 26, 26
metricTTStoreError: 1, 0, 0, 0, 3, 6, 4, 5, 6, 13
********************************************************************* 
metricRunTimeDP: 154, 140, 146, 126, 126, 128, 117, 128, 97, 122
metricRunTimeDPSort: 2, 2, 2, 2, 2, 2, 2, 2, 2, 2
metricDPError: 3, 6, 11, 10, 14, 17, 17, 18, 12, 18
metricDPStoreError: 2, 5, 7, 8, 14, 16, 18, 20, 20, 24
metricTTStoreError: 1, 1, 4, 4, 4, 3, 1, 2, 8, 8
********************************************************************* 
metricRunTimeDP: 141, 131, 108, 150, 132, 123, 158, 115, 123, 148
metricRunTimeDPSort: 2, 2, 2, 2, 2, 2, 2, 2, 2, 2
metricDPError: 4, 5, 8, 5, 8, 11, 12, 11, 8, 11
metricDPStoreError: 1, 2, 4, 5, 8, 9, 12, 12, 12, 15
metricTTStoreError: 3, 3, 4, 2, 0, 2, 0, 1, 6, 4
********************************************************************* 
metricRunTimeDP: 139, 112, 127, 165, 94, 164, 126, 139, 151, 144
metricRunTimeDPSort: 2, 2, 2, 2, 2, 2, 2, 3, 3, 2
metricDPError: 5, 6, 9, 12, 10, 9, 11, 12, 15, 22
metricDPStoreError: 4, 6, 10, 11, 11, 11, 11, 11, 11, 11
metricTTStoreError: 1, 0, 1, 5, 7, 12, 14, 23, 26, 31
********************************************************************* 
metricRunTimeDP: 110, 151, 139, 94, 110, 136, 96, 125, 147, 157
metricRunTimeDPSort: 2, 2, 2, 2, 2, 2, 2, 2, 3, 3
metricDPError: 3, 7, 14, 16, 21, 24, 32, 31, 30, 30
metricDPStoreError: 3, 7, 13, 15, 17, 20, 28, 28, 28, 29
metricTTStoreError: 0, 0, 1, 3, 4, 4, 8, 11, 12, 13
********************************************************************* 
metricRunTimeDP: 125, 120, 139, 110, 149, 137, 147, 125, 156, 164
metricRunTimeDPSort: 2, 2, 2, 2, 2, 2, 2, 2, 2, 3
metricDPError: 0, 3, 6, 11, 11, 14, 13, 14, 13, 14
metricDPStoreError: 0, 3, 5, 8, 9, 13, 13, 13, 13, 16
metricTTStoreError: 0, 0, 1, 3, 4, 7, 6, 5, 6, 4
********************************************************************* 
metricRunTimeDP: 126, 97, 122, 161, 154, 150, 141, 140, 144, 112
metricRunTimeDPSort: 2, 2, 2, 2, 2, 2, 2, 3, 2, 2
metricDPError: 1, 2, 10, 10, 13, 16, 16, 14, 14, 15
metricDPStoreError: 0, 0, 5, 5, 6, 10, 10, 11, 12, 12
metricTTStoreError: 1, 2, 5, 5, 9, 8, 6, 3, 4, 5
********************************************************************* 
metricRunTimeDP: 108, 111, 114, 111, 116, 137, 141, 142, 107, 137
metricRunTimeDPSort: 2, 2, 2, 2, 2, 2, 2, 2, 3, 2
metricDPError: 5, 8, 9, 7, 9, 12, 15, 14, 18, 15
metricDPStoreError: 5, 5, 6, 6, 7, 10, 11, 11, 12, 12
metricTTStoreError: 0, 3, 3, 3, 2, 2, 4, 3, 6, 5
********************************************************************* 
metricRunTimeDP: 151, 115, 152, 160, 149, 139, 123, 136, 139, 157
metricRunTimeDPSort: 2, 2, 2, 2, 2, 2, 2, 2, 3, 3
metricDPError: 1, 8, 9, 15, 14, 18, 21, 16, 16, 20
metricDPStoreError: 1, 4, 4, 5, 6, 7, 10, 10, 10, 13
metricTTStoreError: 0, 4, 7, 12, 10, 15, 13, 12, 12, 11
********************************************************************* 
metricRunTimeDP: 131, 102, 97, 102, 122, 144, 96, 105, 142, 142
metricRunTimeDPSort: 2, 2, 2, 2, 2, 3, 3, 2, 2, 3
metricDPError: 1, 9, 5, 9, 11, 11, 14, 13, 14, 28
metricDPStoreError: 1, 1, 1, 1, 4, 4, 6, 6, 6, 15
metricTTStoreError: 0, 8, 6, 10, 7, 9, 8, 9, 10, 13
********************************************************************* 
metricRunTimeDP: 108, 138, 138, 124, 152, 106, 136, 139, 110, 118
metricRunTimeDPSort: 2, 2, 2, 2, 2, 2, 2, 2, 2, 2
metricDPError: 7, 3, 10, 8, 11, 15, 11, 11, 8, 7
metricDPStoreError: 7, 7, 13, 14, 14, 17, 17, 18, 18, 18
metricTTStoreError: 0, 4, 5, 8, 7, 4, 8, 7, 10, 13
********************************************************************* 
metricRunTimeDP: 137, 137, 125, 110, 151, 150, 161, 144, 123, 140
metricRunTimeDPSort: 2, 2, 2, 2, 2, 2, 3, 2, 3, 2
metricDPError: 2, 2, 4, 7, 8, 7, 5, 5, 5, 8
metricDPStoreError: 2, 2, 4, 7, 9, 10, 10, 10, 10, 11
metricTTStoreError: 0, 0, 0, 2, 1, 3, 5, 5, 5, 5
