********************************************************************* 
metricRunTimeDP: 1289, 1401, 1234, 1132, 1154, 1459, 1349, 1602, 1192, 1275
metricRunTimeDPSort: 40, 91, 42, 213, 40, 95, 42, 477, 42, 95
metricDPError: 12, 17, 19, 19, 20, 21, 29, 36, 48, 35
metricDPStoreError: 3, 5, 5, 10, 12, 10, 10, 6, 22, 6
metricTTStoreError: 9, 12, 16, 9, 10, 25, 39, 30, 26, 29
********************************************************************* 
metricRunTimeDP: 1349, 1434, 1300, 1400, 1300, 1240, 1313, 1570, 1374, 1385
metricRunTimeDPSort: 41, 94, 42, 214, 42, 95, 43, 476, 42, 96
metricDPError: 31, 19, 30, 44, 68, 53, 69, 27, 17, 37
metricDPStoreError: 22, 2, 2, 29, 44, 34, 37, 15, 15, 23
metricTTStoreError: 9, 17, 30, 15, 24, 21, 34, 12, 26, 20
********************************************************************* 
metricRunTimeDP: 1192, 1122, 1303, 1479, 1455, 1200, 1425, 1551, 1165, 1208
metricRunTimeDPSort: 40, 95, 41, 213, 41, 96, 43, 479, 42, 97
metricDPError: 14, 18, 34, 23, 21, 12, 33, 26, 18, 34
metricDPStoreError: 0, 6, 15, 10, 15, 10, 10, 0, 0, 0
metricTTStoreError: 14, 12, 19, 13, 6, 20, 43, 26, 18, 34
