********************************************************************* 
metricRunTimeDP: 1256, 1373, 1215, 1053, 1134, 1388, 1329, 1335, 1172, 1224
metricRunTimeDPSort: 40, 91, 42, 213, 40, 95, 42, 477, 42, 95
metricDPError: 12, 17, 19, 19, 20, 21, 29, 36, 48, 35
metricDPStoreError: 3, 5, 5, 10, 12, 10, 10, 6, 22, 6
metricTTStoreError: 9, 12, 16, 9, 10, 25, 39, 30, 26, 29
********************************************************************* 
metricRunTimeDP: 1305, 1363, 1265, 1294, 1266, 1200, 1293, 1243, 1338, 1329
metricRunTimeDPSort: 41, 94, 42, 214, 42, 95, 43, 477, 42, 96
metricDPError: 31, 19, 30, 44, 68, 53, 69, 27, 17, 37
metricDPStoreError: 22, 2, 2, 29, 44, 34, 37, 15, 15, 23
metricTTStoreError: 9, 17, 30, 15, 24, 21, 34, 12, 26, 20
