********************************************************************* 
metricRunTimeDP: 1318, 1104, 1360, 1115, 1308, 1206, 1315, 1408, 1223, 1263
metricRunTimeDPSort: 42, 48, 41, 47, 41, 51, 41, 49, 41, 53
metricDPError: 20, 10, 9, 11, 17, 17, 34, 35, 53, 42
metricDPStoreError: 19, 22, 22, 22, 22, 27, 29, 39, 44, 44
metricTTStoreError: 1, 16, 21, 15, 29, 12, 23, 8, 19, 30
********************************************************************* 
metricRunTimeDP: 1314, 1400, 1131, 1226, 1312, 1171, 1335, 1342, 1193, 1261
metricRunTimeDPSort: 40, 49, 42, 49, 43, 50, 42, 48, 43, 52
metricDPError: 24, 21, 45, 22, 31, 23, 28, 28, 33, 36
metricDPStoreError: 4, 0, 0, 3, 7, 7, 9, 9, 9, 9
metricTTStoreError: 20, 21, 45, 19, 28, 28, 27, 31, 42, 45
********************************************************************* 
metricRunTimeDP: 1316, 1384, 1257, 1098, 1387, 1243, 1272, 1352, 1158, 990
metricRunTimeDPSort: 41, 48, 42, 48, 41, 50, 43, 49, 42, 53
metricDPError: 18, 21, 25, 19, 35, 18, 16, 19, 22, 14
metricDPStoreError: 16, 22, 29, 38, 50, 50, 50, 50, 50, 50
metricTTStoreError: 2, 23, 4, 27, 33, 56, 60, 47, 32, 42
