********************************************************************* 
metricRunTimeDP: 144, 144, 153, 123, 141, 167, 136, 111, 124, 120
metricRunTimeDPSort: 2, 3, 2, 4, 3, 4, 3, 4, 3, 5
metricDPError: 10, 8, 34, 35, 46, 38, 43, 19, 36, 55
metricDPStoreError: 8, 8, 10, 43, 57, 48, 48, 44, 44, 44
metricTTStoreError: 2, 0, 26, 10, 15, 42, 47, 45, 60, 83
********************************************************************* 
metricRunTimeDP: 156, 128, 123, 145, 156, 150, 112, 160, 150, 130
metricRunTimeDPSort: 2, 3, 2, 3, 2, 4, 3, 4, 3, 4
metricDPError: 16, 16, 21, 21, 29, 18, 15, 20, 42, 20
metricDPStoreError: 5, 13, 19, 30, 34, 34, 34, 28, 51, 44
metricTTStoreError: 11, 5, 12, 17, 15, 28, 37, 32, 19, 50
********************************************************************* 
metricRunTimeDP: 166, 147, 110, 123, 148, 118, 137, 148, 113, 165
metricRunTimeDPSort: 2, 3, 2, 4, 3, 4, 2, 4, 3, 5
metricDPError: 18, 19, 36, 30, 40, 32, 44, 18, 22, 32
metricDPStoreError: 11, 10, 19, 31, 36, 42, 53, 52, 52, 52
metricTTStoreError: 7, 11, 25, 15, 12, 10, 13, 46, 48, 50
********************************************************************* 
metricRunTimeDP: 153, 145, 140, 165, 125, 123, 120, 114, 138, 106
metricRunTimeDPSort: 2, 3, 3, 4, 2, 4, 3, 4, 3, 5
metricDPError: 26, 5, 7, 20, 19, 9, 25, 18, 34, 27
metricDPStoreError: 20, 18, 18, 23, 28, 26, 35, 29, 29, 29
metricTTStoreError: 6, 19, 23, 17, 25, 23, 40, 47, 63, 56
********************************************************************* 
metricRunTimeDP: 145, 111, 127, 163, 156, 139, 139, 142, 158, 109
metricRunTimeDPSort: 2, 3, 3, 4, 2, 4, 3, 5, 3, 5
metricDPError: 19, 24, 34, 29, 59, 27, 47, 36, 21, 49
metricDPStoreError: 4, 9, 16, 24, 37, 33, 34, 31, 31, 31
metricTTStoreError: 15, 17, 24, 35, 36, 38, 45, 67, 52, 80
********************************************************************* 
metricRunTimeDP: 140, 161, 148, 137, 160, 124, 172, 160, 155, 162
metricRunTimeDPSort: 2, 3, 2, 4, 3, 4, 3, 5, 3, 5
metricDPError: 25, 31, 33, 8, 15, 8, 19, 32, 47, 59
metricDPStoreError: 8, 11, 12, 10, 10, 10, 10, 10, 14, 14
metricTTStoreError: 17, 20, 27, 16, 21, 16, 29, 42, 51, 69
********************************************************************* 
metricRunTimeDP: 176, 144, 139, 123, 136, 141, 167, 161, 152, 145
metricRunTimeDPSort: 2, 3, 2, 4, 3, 4, 3, 5, 3, 5
metricDPError: 13, 20, 32, 35, 44, 48, 58, 29, 41, 31
metricDPStoreError: 5, 13, 38, 40, 42, 45, 57, 49, 49, 49
metricTTStoreError: 8, 7, 6, 39, 44, 45, 35, 60, 38, 70
********************************************************************* 
metricRunTimeDP: 172, 143, 140, 150, 122, 170, 154, 142, 157, 163
metricRunTimeDPSort: 2, 3, 3, 4, 3, 4, 3, 5, 3, 5
metricDPError: 14, 15, 12, 5, 21, 21, 29, 21, 26, 21
metricDPStoreError: 5, 3, 3, 3, 16, 24, 24, 24, 24, 24
metricTTStoreError: 9, 18, 15, 4, 11, 23, 35, 35, 32, 33
********************************************************************* 
metricRunTimeDP: 142, 122, 149, 143, 146, 140, 163, 140, 167, 133
metricRunTimeDPSort: 2, 3, 2, 4, 2, 4, 3, 5, 3, 5
metricDPError: 24, 23, 27, 31, 30, 34, 29, 15, 26, 24
metricDPStoreError: 4, 23, 25, 32, 32, 36, 36, 36, 44, 41
metricTTStoreError: 20, 0, 20, 7, 24, 14, 21, 25, 32, 51
********************************************************************* 
metricRunTimeDP: 144, 149, 139, 125, 146, 152, 189, 148, 135, 135
metricRunTimeDPSort: 2, 3, 3, 4, 2, 4, 3, 5, 3, 5
metricDPError: 16, 16, 23, 8, 20, 23, 26, 20, 18, 29
metricDPStoreError: 2, 12, 14, 13, 13, 16, 17, 17, 17, 17
metricTTStoreError: 14, 4, 17, 21, 33, 25, 19, 25, 27, 28
********************************************************************* 
metricRunTimeDP: 167, 110, 121, 128, 139, 145, 147, 133, 136, 152
metricRunTimeDPSort: 2, 3, 3, 3, 3, 4, 3, 5, 3, 5
metricDPError: 11, 30, 41, 33, 39, 54, 32, 23, 29, 20
metricDPStoreError: 0, 6, 8, 24, 30, 30, 30, 30, 33, 39
metricTTStoreError: 11, 24, 33, 15, 19, 30, 26, 27, 20, 21
********************************************************************* 
metricRunTimeDP: 172, 150, 153, 151, 135, 135, 149, 151, 138, 156
metricRunTimeDPSort: 2, 3, 2, 4, 3, 4, 3, 5, 3, 5
metricDPError: 7, 17, 18, 23, 13, 31, 39, 18, 60, 21
metricDPStoreError: 6, 3, 3, 3, 7, 7, 7, 7, 20, 12
metricTTStoreError: 1, 16, 21, 26, 12, 38, 46, 25, 54, 33
********************************************************************* 
metricRunTimeDP: 144, 161, 168, 151, 143, 149, 135, 158, 121, 139
metricRunTimeDPSort: 2, 3, 3, 4, 2, 4, 3, 5, 3, 5
metricDPError: 19, 13, 11, 18, 46, 29, 48, 18, 18, 25
metricDPStoreError: 3, 0, 1, 6, 23, 14, 14, 15, 18, 22
metricTTStoreError: 16, 13, 10, 14, 27, 43, 62, 11, 8, 21
********************************************************************* 
metricRunTimeDP: 167, 121, 108, 155, 157, 136, 137, 152, 122, 123
metricRunTimeDPSort: 2, 3, 2, 4, 3, 4, 3, 5, 3, 5
metricDPError: 16, 8, 23, 14, 18, 22, 26, 18, 26, 18
metricDPStoreError: 8, 3, 3, 14, 17, 20, 20, 20, 21, 25
metricTTStoreError: 8, 5, 22, 0, 9, 6, 34, 18, 17, 7
********************************************************************* 
metricRunTimeDP: 158, 135, 139, 150, 155, 123, 139, 140, 147, 172
metricRunTimeDPSort: 2, 3, 2, 4, 3, 4, 3, 5, 3, 5
metricDPError: 22, 19, 29, 24, 31, 36, 56, 22, 13, 35
metricDPStoreError: 12, 24, 33, 45, 45, 56, 56, 52, 52, 52
metricTTStoreError: 10, 5, 6, 25, 44, 20, 40, 50, 51, 53
********************************************************************* 
metricRunTimeDP: 144, 132, 138, 125, 133, 138, 119, 137, 134, 156
metricRunTimeDPSort: 2, 2, 2, 4, 3, 4, 3, 5, 3, 5
metricDPError: 27, 27, 16, 37, 31, 48, 65, 24, 32, 16
metricDPStoreError: 18, 16, 21, 19, 22, 28, 31, 31, 35, 39
metricTTStoreError: 9, 11, 21, 34, 27, 36, 40, 29, 33, 31
********************************************************************* 
metricRunTimeDP: 174, 170, 135, 153, 148, 138, 158, 168, 169, 120
metricRunTimeDPSort: 2, 3, 2, 4, 3, 4, 3, 5, 3, 5
metricDPError: 21, 24, 27, 26, 19, 34, 45, 14, 17, 12
metricDPStoreError: 4, 13, 15, 18, 18, 18, 20, 16, 18, 17
metricTTStoreError: 17, 11, 16, 16, 37, 46, 49, 20, 7, 23
********************************************************************* 
metricRunTimeDP: 160, 127, 141, 140, 162, 161, 170, 169, 154, 127
metricRunTimeDPSort: 3, 3, 2, 4, 3, 4, 2, 4, 3, 5
metricDPError: 11, 25, 37, 35, 51, 57, 60, 47, 51, 53
metricDPStoreError: 4, 23, 39, 38, 42, 52, 52, 53, 53, 57
metricTTStoreError: 7, 2, 2, 21, 17, 9, 12, 46, 44, 44
********************************************************************* 
metricRunTimeDP: 161, 111, 150, 132, 138, 109, 149, 112, 133, 161
metricRunTimeDPSort: 2, 3, 3, 4, 3, 4, 3, 4, 3, 5
metricDPError: 14, 33, 45, 37, 40, 41, 41, 37, 45, 27
metricDPStoreError: 9, 12, 13, 13, 17, 25, 35, 27, 27, 27
metricTTStoreError: 5, 25, 46, 38, 37, 30, 20, 44, 52, 38
********************************************************************* 
metricRunTimeDP: 156, 160, 139, 133, 136, 148, 161, 175, 139, 163
metricRunTimeDPSort: 2, 3, 2, 4, 3, 4, 3, 5, 3, 5
metricDPError: 7, 18, 46, 11, 25, 26, 31, 10, 42, 30
metricDPStoreError: 5, 19, 36, 30, 31, 31, 31, 31, 45, 40
metricTTStoreError: 2, 7, 18, 29, 24, 41, 38, 39, 21, 42
********************************************************************* 
metricRunTimeDP: 170, 168, 137, 129, 164, 164, 112, 122, 164, 147
metricRunTimeDPSort: 2, 3, 2, 4, 2, 4, 3, 5, 3, 5
metricDPError: 28, 51, 46, 22, 25, 32, 29, 40, 37, 46
metricDPStoreError: 1, 18, 18, 18, 23, 23, 23, 23, 23, 23
metricTTStoreError: 27, 33, 28, 28, 38, 25, 20, 39, 38, 45
********************************************************************* 
metricRunTimeDP: 171, 107, 120, 151, 122, 124, 140, 147, 113, 131
metricRunTimeDPSort: 2, 3, 2, 4, 2, 4, 3, 5, 3, 5
metricDPError: 8, 28, 35, 19, 26, 31, 35, 20, 20, 34
metricDPStoreError: 0, 28, 39, 32, 33, 34, 40, 42, 42, 46
metricTTStoreError: 8, 0, 4, 17, 13, 19, 7, 36, 42, 32
********************************************************************* 
metricRunTimeDP: 138, 136, 139, 128, 131, 128, 111, 129, 148, 135
metricRunTimeDPSort: 2, 3, 2, 4, 3, 4, 3, 5, 3, 5
metricDPError: 23, 16, 37, 27, 36, 21, 43, 47, 39, 66
metricDPStoreError: 9, 9, 18, 15, 25, 30, 39, 39, 39, 47
metricTTStoreError: 14, 13, 27, 28, 23, 35, 20, 60, 72, 73
********************************************************************* 
metricRunTimeDP: 137, 136, 138, 156, 157, 125, 175, 157, 140, 148
metricRunTimeDPSort: 2, 3, 3, 4, 3, 4, 3, 5, 3, 5
metricDPError: 26, 17, 31, 21, 33, 31, 37, 19, 27, 32
metricDPStoreError: 18, 7, 7, 17, 20, 24, 27, 27, 30, 29
metricTTStoreError: 8, 22, 38, 20, 27, 31, 34, 42, 53, 57
********************************************************************* 
metricRunTimeDP: 151, 125, 141, 133, 135, 148, 150, 135, 134, 138
metricRunTimeDPSort: 2, 3, 3, 4, 2, 4, 3, 5, 3, 5
metricDPError: 22, 20, 35, 14, 46, 23, 32, 25, 23, 29
metricDPStoreError: 3, 1, 1, 5, 5, 8, 12, 12, 12, 24
metricTTStoreError: 19, 21, 36, 11, 43, 25, 28, 21, 19, 19
********************************************************************* 
metricRunTimeDP: 169, 151, 138, 176, 149, 150, 179, 138, 150, 119
metricRunTimeDPSort: 2, 3, 2, 4, 3, 4, 3, 5, 3, 5
metricDPError: 16, 11, 19, 20, 29, 52, 46, 11, 24, 19
metricDPStoreError: 0, 2, 8, 8, 8, 35, 35, 34, 34, 34
metricTTStoreError: 16, 9, 11, 20, 23, 17, 23, 29, 32, 19
********************************************************************* 
metricRunTimeDP: 168, 152, 153, 142, 160, 106, 133, 136, 166, 144
metricRunTimeDPSort: 2, 3, 3, 3, 3, 3, 3, 5, 3, 5
metricDPError: 32, 35, 47, 24, 21, 42, 54, 23, 24, 46
metricDPStoreError: 32, 44, 51, 43, 43, 43, 54, 53, 53, 72
metricTTStoreError: 0, 11, 18, 31, 38, 29, 26, 48, 29, 58
********************************************************************* 
metricRunTimeDP: 157, 125, 162, 148, 174, 137, 137, 137, 127, 167
metricRunTimeDPSort: 2, 3, 2, 4, 3, 4, 3, 5, 3, 5
metricDPError: 16, 16, 21, 28, 40, 52, 62, 21, 44, 45
metricDPStoreError: 16, 10, 11, 10, 11, 16, 18, 32, 32, 40
metricTTStoreError: 0, 26, 22, 38, 51, 58, 66, 35, 52, 49
********************************************************************* 
metricRunTimeDP: 172, 122, 128, 137, 160, 136, 145, 113, 145, 121
metricRunTimeDPSort: 2, 3, 2, 4, 3, 4, 3, 5, 3, 5
metricDPError: 13, 20, 19, 19, 23, 29, 37, 15, 19, 21
metricDPStoreError: 3, 17, 28, 20, 20, 20, 20, 20, 35, 33
metricTTStoreError: 10, 5, 9, 35, 39, 49, 57, 27, 16, 32
********************************************************************* 
metricRunTimeDP: 177, 128, 147, 163, 160, 159, 118, 119, 118, 136
metricRunTimeDPSort: 2, 3, 2, 4, 2, 4, 3, 4, 3, 5
metricDPError: 27, 15, 26, 19, 26, 32, 58, 19, 22, 14
metricDPStoreError: 10, 10, 14, 17, 17, 20, 39, 38, 38, 38
metricTTStoreError: 17, 15, 32, 22, 25, 32, 21, 51, 42, 44
********************************************************************* 
metricRunTimeDP: 176, 136, 145, 136, 111, 157, 147, 156, 142, 127
metricRunTimeDPSort: 2, 3, 2, 4, 2, 4, 3, 5, 3, 5
metricDPError: 14, 14, 35, 32, 41, 31, 11, 7, 21, 22
metricDPStoreError: 0, 5, 23, 28, 37, 37, 37, 37, 37, 37
metricTTStoreError: 14, 9, 12, 36, 30, 46, 40, 44, 58, 59
********************************************************************* 
metricRunTimeDP: 156, 164, 138, 135, 147, 119, 176, 166, 140, 159
metricRunTimeDPSort: 2, 3, 3, 4, 3, 4, 3, 5, 3, 5
metricDPError: 29, 38, 32, 34, 39, 46, 50, 15, 14, 36
metricDPStoreError: 9, 14, 14, 25, 33, 33, 33, 32, 33, 33
metricTTStoreError: 20, 24, 44, 9, 8, 45, 39, 27, 35, 47
********************************************************************* 
metricRunTimeDP: 151, 123, 107, 143, 149, 143, 134, 102, 137, 152
metricRunTimeDPSort: 2, 3, 2, 4, 2, 4, 3, 5, 3, 5
metricDPError: 22, 45, 39, 23, 14, 28, 23, 17, 23, 35
metricDPStoreError: 16, 30, 32, 37, 37, 37, 37, 36, 41, 52
metricTTStoreError: 6, 15, 11, 28, 29, 33, 24, 45, 40, 39
********************************************************************* 
metricRunTimeDP: 171, 142, 143, 136, 159, 144, 153, 144, 150, 108
metricRunTimeDPSort: 2, 3, 3, 4, 3, 4, 3, 4, 3, 5
metricDPError: 24, 24, 21, 22, 17, 53, 71, 31, 29, 29
metricDPStoreError: 1, 1, 4, 11, 11, 32, 38, 36, 40, 37
metricTTStoreError: 23, 25, 19, 17, 10, 27, 51, 45, 19, 34
********************************************************************* 
metricRunTimeDP: 142, 126, 176, 131, 160, 112, 180, 157, 171, 171
metricRunTimeDPSort: 2, 3, 2, 4, 3, 4, 3, 4, 3, 5
metricDPError: 27, 18, 46, 14, 23, 27, 42, 16, 29, 16
metricDPStoreError: 25, 23, 47, 41, 41, 41, 44, 44, 50, 46
metricTTStoreError: 2, 5, 1, 27, 30, 20, 42, 38, 41, 60
********************************************************************* 
metricRunTimeDP: 189, 160, 164, 130, 170, 142, 154, 175, 141, 148
metricRunTimeDPSort: 2, 3, 3, 4, 3, 4, 3, 4, 3, 5
metricDPError: 25, 14, 26, 18, 22, 33, 26, 26, 46, 38
metricDPStoreError: 0, 5, 7, 13, 19, 28, 33, 35, 35, 35
metricTTStoreError: 25, 9, 25, 5, 5, 5, 7, 21, 15, 31
********************************************************************* 
metricRunTimeDP: 162, 127, 122, 147, 137, 137, 110, 157, 109, 135
metricRunTimeDPSort: 2, 3, 2, 4, 3, 4, 3, 5, 3, 5
metricDPError: 10, 12, 23, 21, 29, 50, 47, 11, 26, 30
metricDPStoreError: 3, 6, 17, 13, 13, 26, 28, 18, 18, 18
metricTTStoreError: 7, 12, 12, 20, 28, 32, 39, 25, 44, 46
********************************************************************* 
metricRunTimeDP: 130, 134, 120, 137, 128, 133, 162, 158, 112, 154
metricRunTimeDPSort: 2, 3, 2, 4, 2, 4, 3, 4, 3, 5
metricDPError: 10, 12, 33, 12, 35, 15, 35, 31, 10, 18
metricDPStoreError: 7, 14, 28, 25, 40, 33, 35, 34, 36, 37
metricTTStoreError: 3, 2, 17, 17, 5, 32, 10, 9, 28, 19
