********************************************************************* 
metricRunTimeDP: 1350, 1136, 1379, 1129, 1343, 1221, 1335, 1446, 1237, 1279
metricRunTimeDPSort: 41, 48, 41, 47, 41, 51, 41, 49, 41, 53
metricDPError: 20, 10, 9, 11, 17, 17, 34, 35, 53, 42
metricDPStoreError: 19, 22, 22, 22, 22, 27, 29, 39, 44, 44
metricTTStoreError: 1, 16, 21, 15, 29, 12, 23, 8, 19, 30
********************************************************************* 
metricRunTimeDP: 1371, 1415, 1167, 1263, 1324, 1183, 1362, 1357, 1222, 1278
metricRunTimeDPSort: 40, 49, 42, 49, 43, 50, 42, 48, 43, 52
metricDPError: 24, 21, 45, 22, 31, 23, 28, 28, 33, 36
metricDPStoreError: 4, 0, 0, 3, 7, 7, 9, 9, 9, 9
metricTTStoreError: 20, 21, 45, 19, 28, 28, 27, 31, 42, 45
