********************************************************************* 
metricRunTimeDP: 131, 137, 149, 115, 137, 159, 125, 103, 118, 102
metricRunTimeDPSort: 2, 3, 2, 4, 3, 4, 3, 4, 3, 5
metricDPError: 10, 8, 34, 35, 46, 38, 43, 19, 36, 55
metricDPStoreError: 8, 8, 10, 43, 57, 48, 48, 44, 44, 44
metricTTStoreError: 2, 0, 26, 10, 15, 42, 47, 45, 60, 83
********************************************************************* 
metricRunTimeDP: 144, 120, 117, 141, 149, 141, 107, 140, 143, 102
metricRunTimeDPSort: 2, 3, 2, 3, 2, 4, 3, 4, 3, 4
metricDPError: 16, 16, 21, 21, 29, 18, 15, 20, 42, 20
metricDPStoreError: 5, 13, 19, 30, 34, 34, 34, 28, 51, 44
metricTTStoreError: 11, 5, 12, 17, 15, 28, 37, 32, 19, 50
********************************************************************* 
metricRunTimeDP: 150, 139, 102, 113, 140, 113, 131, 120, 102, 154
metricRunTimeDPSort: 2, 3, 2, 4, 3, 4, 2, 4, 3, 5
metricDPError: 18, 19, 36, 30, 40, 32, 44, 18, 22, 32
metricDPStoreError: 11, 10, 19, 31, 36, 42, 53, 52, 52, 52
metricTTStoreError: 7, 11, 25, 15, 12, 10, 13, 46, 48, 50
********************************************************************* 
metricRunTimeDP: 141, 142, 132, 155, 115, 116, 116, 103, 128, 101
metricRunTimeDPSort: 2, 3, 3, 4, 2, 4, 3, 4, 3, 5
metricDPError: 26, 5, 7, 20, 19, 9, 25, 18, 34, 27
metricDPStoreError: 20, 18, 18, 23, 28, 26, 35, 29, 29, 29
metricTTStoreError: 6, 19, 23, 17, 25, 23, 40, 47, 63, 56
********************************************************************* 
metricRunTimeDP: 129, 102, 118, 156, 157, 129, 130, 133, 153, 103
metricRunTimeDPSort: 2, 3, 3, 4, 2, 4, 3, 5, 3, 5
metricDPError: 19, 24, 34, 29, 59, 27, 47, 36, 21, 49
metricDPStoreError: 4, 9, 16, 24, 37, 33, 34, 31, 31, 31
metricTTStoreError: 15, 17, 24, 35, 36, 38, 45, 67, 52, 80
********************************************************************* 
metricRunTimeDP: 131, 157, 140, 131, 156, 116, 164, 132, 151, 156
metricRunTimeDPSort: 2, 3, 2, 4, 3, 4, 3, 5, 3, 5
metricDPError: 25, 31, 33, 8, 15, 8, 19, 32, 47, 59
metricDPStoreError: 8, 11, 12, 10, 10, 10, 10, 10, 14, 14
metricTTStoreError: 17, 20, 27, 16, 21, 16, 29, 42, 51, 69
********************************************************************* 
metricRunTimeDP: 159, 141, 131, 117, 129, 132, 162, 157, 144, 135
metricRunTimeDPSort: 2, 3, 2, 4, 3, 4, 3, 5, 3, 5
metricDPError: 13, 20, 32, 35, 44, 48, 58, 29, 41, 31
metricDPStoreError: 5, 13, 38, 40, 42, 45, 57, 49, 49, 49
metricTTStoreError: 8, 7, 6, 39, 44, 45, 35, 60, 38, 70
********************************************************************* 
metricRunTimeDP: 163, 141, 129, 143, 118, 159, 144, 133, 152, 156
metricRunTimeDPSort: 2, 3, 3, 4, 3, 4, 3, 5, 3, 5
metricDPError: 14, 15, 12, 5, 21, 21, 29, 21, 26, 21
metricDPStoreError: 5, 3, 3, 3, 16, 24, 24, 24, 24, 24
metricTTStoreError: 9, 18, 15, 4, 11, 23, 35, 35, 32, 33
