********************************************************************* 
metricRunTimeDP: 1409, 1133, 1292, 1506, 1248, 1348, 1322, 1448, 1436, 1266
metricRunTimeDPSort: 41, 95, 41, 211, 40, 93, 41, 479, 41, 94
metricDPError: 0, 3, 3, 3, 3, 3, 3, 2, 2, 3
metricDPStoreError: 0, 0, 0, 0, 0, 0, 0, 0, 0, 0
metricTTStoreError: 0, 3, 3, 3, 3, 3, 3, 2, 2, 3
********************************************************************* 
metricRunTimeDP: 1397, 1318, 1323, 1293, 1329, 1343, 1234, 1413, 1376, 1286
metricRunTimeDPSort: 40, 93, 40, 213, 41, 94, 42, 476, 40, 95
metricDPError: 0, 3, 3, 2, 2, 2, 2, 0, 1, 1
metricDPStoreError: 0, 4, 4, 0, 0, 0, 0, 0, 2, 0
metricTTStoreError: 0, 3, 3, 2, 2, 2, 2, 0, 1, 1
