********************************************************************* 
metricRunTimeDP: 1239, 1359, 1349, 1329, 1306, 1400, 1116, 1361, 1379, 1087
metricRunTimeDPSort: 41, 47, 40, 47, 41, 48, 41, 47, 41, 49
metricDPError: 0, 1, 1, 2, 2, 3, 4, 1, 1, 3
metricDPStoreError: 0, 0, 0, 2, 2, 2, 2, 2, 2, 2
metricTTStoreError: 0, 1, 1, 2, 2, 3, 4, 3, 3, 5
********************************************************************* 
metricRunTimeDP: 1263, 1400, 1184, 1327, 1368, 1142, 1375, 1404, 1117, 1311
metricRunTimeDPSort: 41, 47, 41, 47, 41, 49, 41, 47, 41, 49
metricDPError: 0, 1, 1, 2, 2, 3, 3, 1, 1, 3
metricDPStoreError: 0, 0, 0, 0, 0, 1, 1, 2, 2, 2
metricTTStoreError: 0, 1, 1, 2, 2, 2, 2, 3, 3, 5
