********************************************************************* 
metricRunTimeDP: 133, 140, 121, 151, 118, 151, 129, 146, 115, 121
metricRunTimeDPSort: 2, 6, 2, 14, 3, 6, 3, 34, 3, 7
metricDPError: 11, 11, 25, 34, 39, 29, 40, 18, 19, 16
metricDPStoreError: 10, 6, 6, 4, 4, 4, 4, 0, 0, 11
metricTTStoreError: 1, 5, 31, 30, 39, 33, 44, 18, 19, 5
********************************************************************* 
metricRunTimeDP: 128, 115, 159, 139, 144, 148, 137, 130, 180, 129
metricRunTimeDPSort: 2, 6, 2, 14, 3, 7, 3, 34, 3, 7
metricDPError: 13, 12, 15, 24, 27, 27, 46, 24, 37, 78
metricDPStoreError: 0, 2, 6, 8, 20, 8, 13, 2, 7, 7
metricTTStoreError: 13, 10, 9, 16, 7, 23, 33, 22, 32, 73
********************************************************************* 
metricRunTimeDP: 128, 139, 109, 128, 98, 125, 98, 123, 162, 116
metricRunTimeDPSort: 2, 6, 3, 14, 2, 6, 3, 34, 3, 7
metricDPError: 13, 10, 32, 9, 16, 25, 33, 22, 46, 20
metricDPStoreError: 11, 2, 6, 6, 7, 15, 22, 6, 17, 7
metricTTStoreError: 2, 8, 26, 3, 9, 18, 11, 16, 33, 19
********************************************************************* 
metricRunTimeDP: 137, 171, 123, 146, 146, 114, 113, 171, 144, 168
metricRunTimeDPSort: 2, 6, 2, 14, 3, 6, 3, 34, 3, 7
metricDPError: 21, 21, 61, 26, 16, 29, 26, 22, 29, 23
metricDPStoreError: 3, 17, 41, 21, 21, 28, 28, 19, 21, 20
metricTTStoreError: 18, 4, 20, 5, 23, 29, 26, 3, 12, 15
********************************************************************* 
metricRunTimeDP: 129, 131, 116, 143, 158, 153, 150, 129, 148, 161
metricRunTimeDPSort: 2, 6, 3, 15, 2, 7, 3, 35, 3, 7
metricDPError: 11, 25, 28, 17, 23, 34, 43, 18, 8, 20
metricDPStoreError: 3, 20, 27, 17, 24, 33, 38, 12, 12, 12
metricTTStoreError: 8, 5, 9, 0, 1, 1, 5, 6, 20, 26
********************************************************************* 
metricRunTimeDP: 130, 115, 180, 132, 142, 117, 146, 148, 138, 148
metricRunTimeDPSort: 2, 6, 3, 15, 3, 6, 3, 35, 3, 7
metricDPError: 19, 17, 21, 33, 52, 42, 47, 24, 46, 44
metricDPStoreError: 19, 4, 5, 4, 4, 4, 6, 10, 33, 27
metricTTStoreError: 0, 13, 24, 29, 56, 40, 41, 14, 13, 17
********************************************************************* 
metricRunTimeDP: 163, 127, 116, 127, 131, 129, 107, 131, 114, 137
metricRunTimeDPSort: 2, 6, 3, 15, 3, 6, 3, 34, 3, 6
metricDPError: 15, 13, 29, 34, 19, 33, 56, 42, 48, 59
metricDPStoreError: 10, 2, 22, 24, 25, 34, 50, 32, 35, 38
metricTTStoreError: 5, 11, 7, 10, 28, 9, 6, 10, 17, 21
********************************************************************* 
metricRunTimeDP: 151, 102, 145, 145, 145, 150, 114, 113, 127, 117
metricRunTimeDPSort: 2, 6, 3, 14, 3, 7, 3, 34, 3, 7
metricDPError: 15, 8, 35, 13, 28, 31, 20, 27, 37, 43
metricDPStoreError: 6, 0, 6, 0, 3, 8, 8, 3, 16, 6
metricTTStoreError: 9, 8, 29, 13, 25, 23, 14, 24, 21, 41
********************************************************************* 
metricRunTimeDP: 169, 146, 142, 135, 123, 187, 170, 156, 168, 113
metricRunTimeDPSort: 2, 6, 3, 15, 3, 6, 3, 35, 3, 7
metricDPError: 20, 28, 24, 20, 27, 27, 34, 35, 41, 51
metricDPStoreError: 4, 0, 10, 1, 1, 21, 28, 23, 24, 30
metricTTStoreError: 16, 28, 14, 19, 28, 6, 6, 12, 17, 21
********************************************************************* 
metricRunTimeDP: 146, 127, 117, 139, 148, 142, 133, 133, 156, 116
metricRunTimeDPSort: 2, 6, 3, 15, 3, 6, 3, 34, 3, 7
metricDPError: 14, 34, 48, 31, 36, 37, 32, 39, 34, 32
metricDPStoreError: 9, 0, 16, 4, 6, 4, 4, 0, 5, 0
metricTTStoreError: 5, 34, 32, 27, 38, 41, 36, 39, 29, 32
********************************************************************* 
metricRunTimeDP: 161, 143, 116, 131, 142, 131, 129, 162, 131, 129
metricRunTimeDPSort: 2, 6, 2, 15, 3, 6, 3, 34, 3, 7
metricDPError: 17, 28, 55, 28, 48, 23, 16, 21, 32, 22
metricDPStoreError: 14, 21, 48, 18, 31, 22, 23, 20, 30, 27
metricTTStoreError: 3, 7, 13, 10, 29, 17, 19, 1, 2, 5
********************************************************************* 
metricRunTimeDP: 158, 143, 140, 130, 143, 117, 133, 131, 114, 144
metricRunTimeDPSort: 2, 6, 3, 14, 3, 6, 3, 35, 3, 7
metricDPError: 16, 19, 30, 20, 22, 20, 38, 26, 11, 27
metricDPStoreError: 4, 18, 37, 19, 19, 19, 22, 15, 17, 23
metricTTStoreError: 12, 1, 7, 1, 13, 25, 40, 11, 20, 12
********************************************************************* 
metricRunTimeDP: 113, 117, 104, 132, 117, 133, 131, 155, 126, 141
metricRunTimeDPSort: 2, 6, 2, 14, 3, 7, 3, 34, 3, 7
metricDPError: 23, 21, 31, 12, 31, 38, 52, 23, 17, 27
metricDPStoreError: 18, 10, 17, 5, 20, 5, 11, 0, 0, 2
metricTTStoreError: 5, 11, 14, 7, 17, 43, 45, 23, 17, 25
********************************************************************* 
metricRunTimeDP: 155, 117, 140, 127, 140, 143, 128, 143, 162, 127
metricRunTimeDPSort: 2, 6, 3, 14, 3, 6, 3, 35, 3, 6
metricDPError: 5, 31, 14, 8, 29, 22, 33, 12, 24, 16
metricDPStoreError: 5, 16, 16, 8, 25, 21, 34, 12, 28, 19
metricTTStoreError: 0, 15, 4, 0, 12, 7, 9, 0, 4, 3
********************************************************************* 
metricRunTimeDP: 164, 102, 141, 161, 120, 125, 102, 171, 146, 164
metricRunTimeDPSort: 3, 6, 2, 15, 2, 6, 3, 34, 3, 7
metricDPError: 41, 16, 13, 17, 25, 10, 16, 16, 29, 31
metricDPStoreError: 0, 0, 1, 9, 15, 9, 9, 11, 17, 22
metricTTStoreError: 41, 16, 12, 8, 10, 19, 23, 5, 16, 13
********************************************************************* 
metricRunTimeDP: 143, 147, 140, 117, 114, 100, 135, 169, 144, 158
metricRunTimeDPSort: 2, 6, 3, 15, 3, 6, 3, 35, 3, 7
metricDPError: 20, 13, 44, 31, 50, 36, 45, 16, 29, 27
metricDPStoreError: 5, 0, 5, 4, 16, 18, 23, 8, 32, 19
metricTTStoreError: 15, 13, 39, 27, 34, 24, 26, 8, 3, 10
********************************************************************* 
metricRunTimeDP: 144, 131, 160, 143, 137, 139, 142, 148, 153, 154
metricRunTimeDPSort: 3, 6, 2, 14, 2, 6, 3, 34, 3, 7
metricDPError: 17, 40, 43, 15, 40, 24, 27, 13, 15, 26
metricDPStoreError: 15, 40, 48, 15, 43, 24, 38, 4, 4, 16
metricTTStoreError: 2, 0, 5, 0, 3, 0, 13, 9, 17, 12
********************************************************************* 
metricRunTimeDP: 159, 168, 102, 153, 114, 116, 123, 115, 122, 168
metricRunTimeDPSort: 2, 6, 2, 15, 2, 6, 3, 35, 3, 7
metricDPError: 22, 17, 16, 14, 16, 24, 24, 22, 31, 27
metricDPStoreError: 16, 11, 11, 0, 0, 15, 17, 0, 0, 0
metricTTStoreError: 6, 6, 13, 14, 16, 9, 31, 22, 31, 27
********************************************************************* 
metricRunTimeDP: 134, 131, 123, 129, 102, 129, 147, 151, 145, 151
metricRunTimeDPSort: 2, 6, 2, 15, 2, 7, 3, 35, 3, 7
metricDPError: 12, 21, 26, 18, 26, 29, 42, 27, 36, 29
metricDPStoreError: 0, 6, 13, 1, 11, 3, 6, 3, 17, 16
metricTTStoreError: 12, 15, 17, 17, 15, 28, 38, 24, 19, 13
********************************************************************* 
metricRunTimeDP: 145, 142, 141, 149, 155, 113, 154, 130, 162, 131
metricRunTimeDPSort: 3, 6, 2, 15, 3, 6, 3, 35, 3, 7
metricDPError: 13, 20, 24, 10, 17, 23, 33, 19, 22, 16
metricDPStoreError: 9, 17, 19, 3, 3, 3, 8, 2, 2, 4
metricTTStoreError: 4, 3, 11, 7, 20, 22, 27, 17, 24, 16
********************************************************************* 
metricRunTimeDP: 116, 146, 143, 133, 132, 117, 151, 155, 144, 157
metricRunTimeDPSort: 2, 5, 3, 14, 2, 6, 3, 35, 3, 6
metricDPError: 22, 14, 13, 14, 20, 25, 17, 15, 29, 5
metricDPStoreError: 7, 11, 12, 9, 11, 17, 17, 9, 15, 10
metricTTStoreError: 15, 3, 15, 5, 9, 12, 22, 6, 14, 11
********************************************************************* 
metricRunTimeDP: 159, 110, 145, 157, 144, 154, 141, 124, 142, 161
metricRunTimeDPSort: 2, 6, 2, 15, 3, 6, 3, 34, 3, 7
metricDPError: 27, 5, 6, 8, 16, 15, 18, 10, 25, 14
metricDPStoreError: 15, 2, 2, 4, 7, 5, 5, 1, 13, 7
metricTTStoreError: 12, 3, 8, 4, 13, 16, 23, 9, 14, 7
********************************************************************* 
metricRunTimeDP: 133, 148, 115, 102, 116, 162, 137, 134, 160, 141
metricRunTimeDPSort: 2, 6, 2, 15, 3, 6, 3, 35, 3, 7
metricDPError: 14, 10, 20, 28, 42, 61, 73, 25, 36, 33
metricDPStoreError: 2, 0, 8, 0, 0, 0, 7, 7, 11, 16
metricTTStoreError: 12, 10, 12, 28, 42, 61, 66, 18, 25, 23
********************************************************************* 
metricRunTimeDP: 161, 140, 116, 130, 135, 128, 126, 130, 141, 134
metricRunTimeDPSort: 2, 6, 2, 15, 3, 6, 3, 34, 3, 7
metricDPError: 15, 25, 38, 24, 22, 41, 45, 49, 49, 51
metricDPStoreError: 11, 2, 5, 18, 18, 35, 50, 39, 43, 45
metricTTStoreError: 4, 23, 33, 6, 8, 6, 5, 10, 12, 12
********************************************************************* 
metricRunTimeDP: 129, 114, 115, 136, 155, 144, 151, 152, 137, 138
metricRunTimeDPSort: 2, 6, 2, 14, 3, 6, 3, 35, 3, 7
metricDPError: 11, 15, 25, 12, 10, 13, 17, 18, 41, 30
metricDPStoreError: 4, 9, 11, 8, 8, 8, 8, 9, 29, 13
metricTTStoreError: 7, 6, 14, 4, 12, 15, 21, 9, 12, 17
********************************************************************* 
metricRunTimeDP: 150, 129, 128, 133, 152, 104, 131, 167, 144, 102
metricRunTimeDPSort: 2, 6, 3, 14, 3, 6, 3, 35, 3, 7
metricDPError: 16, 9, 34, 27, 32, 30, 17, 34, 37, 41
metricDPStoreError: 7, 1, 15, 6, 6, 11, 11, 12, 12, 23
metricTTStoreError: 9, 8, 21, 21, 38, 19, 14, 22, 41, 18
********************************************************************* 
metricRunTimeDP: 159, 151, 143, 119, 101, 132, 130, 172, 159, 155
metricRunTimeDPSort: 2, 6, 2, 14, 2, 6, 3, 35, 3, 7
metricDPError: 26, 8, 26, 20, 21, 31, 30, 34, 56, 46
metricDPStoreError: 18, 2, 13, 14, 18, 23, 25, 17, 24, 22
metricTTStoreError: 8, 6, 13, 6, 3, 10, 9, 17, 32, 24
********************************************************************* 
metricRunTimeDP: 129, 102, 127, 165, 121, 145, 130, 142, 123, 142
metricRunTimeDPSort: 2, 6, 3, 15, 3, 7, 3, 35, 3, 7
metricDPError: 25, 18, 19, 21, 42, 47, 51, 26, 42, 22
metricDPStoreError: 0, 16, 18, 6, 10, 30, 32, 23, 39, 24
metricTTStoreError: 25, 2, 5, 15, 38, 23, 25, 3, 7, 2
********************************************************************* 
metricRunTimeDP: 147, 140, 144, 109, 141, 111, 116, 140, 142, 127
metricRunTimeDPSort: 2, 6, 2, 15, 3, 6, 3, 34, 3, 6
metricDPError: 9, 19, 39, 30, 24, 36, 43, 20, 13, 28
metricDPStoreError: 3, 19, 31, 16, 18, 19, 28, 14, 14, 22
metricTTStoreError: 6, 0, 16, 14, 22, 19, 33, 6, 17, 28
********************************************************************* 
metricRunTimeDP: 158, 157, 129, 152, 131, 129, 114, 148, 145, 132
metricRunTimeDPSort: 2, 6, 2, 14, 2, 6, 2, 35, 3, 7
metricDPError: 15, 25, 52, 18, 29, 25, 33, 28, 35, 31
metricDPStoreError: 4, 19, 46, 3, 9, 11, 12, 24, 32, 34
metricTTStoreError: 11, 6, 20, 15, 20, 14, 21, 4, 9, 7
********************************************************************* 
metricRunTimeDP: 153, 140, 131, 116, 167, 139, 129, 166, 113, 158
metricRunTimeDPSort: 2, 6, 2, 15, 2, 6, 3, 35, 3, 7
metricDPError: 22, 16, 23, 25, 46, 25, 23, 13, 32, 34
metricDPStoreError: 15, 8, 17, 13, 24, 15, 23, 10, 29, 23
metricTTStoreError: 7, 8, 10, 12, 22, 12, 12, 3, 5, 11
********************************************************************* 
metricRunTimeDP: 128, 128, 130, 143, 160, 176, 155, 152, 132, 147
metricRunTimeDPSort: 3, 6, 3, 16, 3, 7, 3, 40, 3, 7
metricDPError: 14, 34, 33, 30, 32, 16, 46, 15, 22, 23
metricDPStoreError: 3, 15, 26, 0, 1, 6, 33, 0, 0, 0
metricTTStoreError: 11, 19, 7, 30, 31, 10, 23, 15, 22, 23
********************************************************************* 
metricRunTimeDP: 146, 133, 150, 135, 133, 151, 151, 132, 130, 102
metricRunTimeDPSort: 2, 6, 3, 15, 3, 6, 3, 35, 3, 7
metricDPError: 18, 20, 20, 12, 10, 12, 10, 19, 42, 44
metricDPStoreError: 3, 4, 10, 5, 5, 8, 8, 7, 23, 20
metricTTStoreError: 15, 16, 10, 7, 11, 8, 10, 12, 19, 24
********************************************************************* 
metricRunTimeDP: 132, 132, 119, 149, 147, 134, 164, 148, 128, 124
metricRunTimeDPSort: 2, 6, 2, 15, 3, 6, 2, 34, 3, 6
metricDPError: 25, 24, 26, 52, 58, 69, 65, 46, 62, 65
metricDPStoreError: 13, 19, 19, 48, 48, 62, 70, 46, 62, 68
metricTTStoreError: 12, 5, 11, 4, 18, 9, 9, 0, 0, 3
********************************************************************* 
metricRunTimeDP: 144, 159, 134, 148, 155, 126, 132, 103, 148, 129
metricRunTimeDPSort: 2, 6, 2, 15, 3, 6, 3, 34, 3, 7
metricDPError: 7, 17, 25, 7, 12, 9, 23, 11, 12, 22
metricDPStoreError: 2, 14, 30, 6, 10, 6, 17, 3, 9, 3
metricTTStoreError: 5, 3, 15, 1, 2, 11, 14, 8, 3, 25
********************************************************************* 
metricRunTimeDP: 117, 112, 128, 139, 101, 143, 157, 157, 101, 146
metricRunTimeDPSort: 2, 6, 2, 14, 3, 6, 3, 35, 3, 7
metricDPError: 19, 8, 14, 26, 23, 31, 46, 27, 45, 43
metricDPStoreError: 5, 2, 13, 4, 6, 13, 24, 9, 13, 13
metricTTStoreError: 14, 6, 1, 22, 25, 22, 22, 18, 46, 44
********************************************************************* 
metricRunTimeDP: 130, 137, 154, 158, 144, 117, 157, 110, 148, 135
metricRunTimeDPSort: 2, 6, 2, 15, 3, 7, 3, 34, 3, 7
metricDPError: 22, 17, 27, 22, 54, 32, 31, 39, 65, 63
metricDPStoreError: 3, 10, 12, 13, 30, 23, 23, 33, 55, 58
metricTTStoreError: 19, 7, 15, 9, 24, 11, 14, 6, 10, 9
********************************************************************* 
metricRunTimeDP: 158, 139, 131, 155, 137, 115, 151, 128, 126, 118
metricRunTimeDPSort: 3, 6, 3, 15, 2, 6, 3, 36, 3, 7
metricDPError: 21, 12, 16, 12, 11, 19, 26, 8, 16, 14
metricDPStoreError: 9, 5, 5, 1, 5, 8, 11, 0, 0, 3
metricTTStoreError: 12, 7, 13, 11, 8, 13, 17, 8, 16, 11
