********************************************************************* 
metricRunTimeDP: 149, 148, 128, 163, 122, 154, 140, 161, 120, 125
metricRunTimeDPSort: 2, 6, 2, 14, 3, 6, 3, 34, 3, 7
metricDPError: 11, 11, 25, 34, 39, 29, 40, 18, 19, 16
metricDPStoreError: 10, 6, 6, 4, 4, 4, 4, 0, 0, 11
metricTTStoreError: 1, 5, 31, 30, 39, 33, 44, 18, 19, 5
********************************************************************* 
metricRunTimeDP: 141, 124, 167, 148, 150, 158, 148, 145, 192, 134
metricRunTimeDPSort: 2, 6, 2, 14, 3, 7, 3, 34, 3, 7
metricDPError: 13, 12, 15, 24, 27, 27, 46, 24, 37, 78
metricDPStoreError: 0, 2, 6, 8, 20, 8, 13, 2, 7, 7
metricTTStoreError: 13, 10, 9, 16, 7, 23, 33, 22, 32, 73
********************************************************************* 
metricRunTimeDP: 137, 148, 113, 138, 109, 139, 103, 139, 174, 120
metricRunTimeDPSort: 2, 6, 2, 14, 2, 6, 3, 34, 3, 7
metricDPError: 13, 10, 32, 9, 16, 25, 33, 22, 46, 20
metricDPStoreError: 11, 2, 6, 6, 7, 15, 22, 6, 17, 7
metricTTStoreError: 2, 8, 26, 3, 9, 18, 11, 16, 33, 19
********************************************************************* 
metricRunTimeDP: 147, 175, 127, 154, 151, 120, 118, 187, 157, 173
metricRunTimeDPSort: 2, 6, 2, 14, 3, 6, 3, 34, 3, 7
metricDPError: 21, 21, 61, 26, 16, 29, 26, 22, 29, 23
metricDPStoreError: 3, 17, 41, 21, 21, 28, 28, 19, 21, 20
metricTTStoreError: 18, 4, 20, 5, 23, 29, 26, 3, 12, 15
********************************************************************* 
metricRunTimeDP: 142, 139, 124, 153, 165, 157, 156, 144, 153, 168
metricRunTimeDPSort: 2, 6, 3, 15, 2, 7, 3, 35, 3, 7
metricDPError: 11, 25, 28, 17, 23, 34, 43, 18, 8, 20
metricDPStoreError: 3, 20, 27, 17, 24, 33, 38, 12, 12, 12
metricTTStoreError: 8, 5, 9, 0, 1, 1, 5, 6, 20, 26
********************************************************************* 
metricRunTimeDP: 144, 123, 185, 151, 152, 126, 153, 180, 146, 157
metricRunTimeDPSort: 2, 6, 3, 15, 3, 6, 3, 35, 3, 7
metricDPError: 19, 17, 21, 33, 52, 42, 47, 24, 46, 44
metricDPStoreError: 19, 4, 5, 4, 4, 4, 6, 10, 33, 27
metricTTStoreError: 0, 13, 24, 29, 56, 40, 41, 14, 13, 17
********************************************************************* 
metricRunTimeDP: 172, 135, 125, 137, 139, 139, 112, 175, 121, 142
metricRunTimeDPSort: 2, 6, 3, 15, 3, 6, 2, 34, 3, 6
metricDPError: 15, 13, 29, 34, 19, 33, 56, 42, 48, 59
metricDPStoreError: 10, 2, 22, 24, 25, 34, 50, 32, 35, 38
metricTTStoreError: 5, 11, 7, 10, 28, 9, 6, 10, 17, 21
********************************************************************* 
metricRunTimeDP: 173, 110, 155, 153, 153, 153, 119, 129, 134, 125
metricRunTimeDPSort: 2, 6, 3, 14, 3, 7, 3, 34, 3, 7
metricDPError: 15, 8, 35, 13, 28, 31, 20, 27, 37, 43
metricDPStoreError: 6, 0, 6, 0, 3, 8, 8, 3, 16, 6
metricTTStoreError: 9, 8, 29, 13, 25, 23, 14, 24, 21, 41
********************************************************************* 
metricRunTimeDP: 180, 148, 147, 143, 132, 194, 178, 187, 173, 117
metricRunTimeDPSort: 2, 6, 3, 15, 3, 6, 3, 35, 3, 7
metricDPError: 20, 28, 24, 20, 27, 27, 34, 35, 41, 51
metricDPStoreError: 4, 0, 10, 1, 1, 21, 28, 23, 24, 30
metricTTStoreError: 16, 28, 14, 19, 28, 6, 6, 12, 17, 21
********************************************************************* 
metricRunTimeDP: 160, 139, 121, 147, 159, 150, 143, 149, 164, 122
metricRunTimeDPSort: 2, 6, 3, 15, 3, 6, 3, 34, 3, 7
metricDPError: 14, 34, 48, 31, 36, 37, 32, 39, 34, 32
metricDPStoreError: 9, 0, 16, 4, 6, 4, 4, 0, 5, 0
metricTTStoreError: 5, 34, 32, 27, 38, 41, 36, 39, 29, 32
********************************************************************* 
metricRunTimeDP: 174, 148, 123, 138, 147, 138, 136, 178, 143, 136
metricRunTimeDPSort: 2, 6, 2, 15, 3, 6, 3, 34, 3, 7
metricDPError: 17, 28, 55, 28, 48, 23, 16, 21, 32, 22
metricDPStoreError: 14, 21, 48, 18, 31, 22, 23, 20, 30, 27
metricTTStoreError: 3, 7, 13, 10, 29, 17, 19, 1, 2, 5
********************************************************************* 
metricRunTimeDP: 168, 148, 149, 140, 154, 127, 138, 155, 119, 151
metricRunTimeDPSort: 2, 6, 3, 14, 3, 6, 3, 35, 3, 7
metricDPError: 16, 19, 30, 20, 22, 20, 38, 26, 11, 27
metricDPStoreError: 4, 18, 37, 19, 19, 19, 22, 15, 17, 23
metricTTStoreError: 12, 1, 7, 1, 13, 25, 40, 11, 20, 12
********************************************************************* 
metricRunTimeDP: 122, 125, 108, 139, 127, 140, 137, 186, 131, 148
metricRunTimeDPSort: 2, 6, 2, 14, 3, 7, 3, 34, 3, 7
metricDPError: 23, 21, 31, 12, 31, 38, 52, 23, 17, 27
metricDPStoreError: 18, 10, 17, 5, 20, 5, 11, 0, 0, 2
metricTTStoreError: 5, 11, 14, 7, 17, 43, 45, 23, 17, 25
********************************************************************* 
metricRunTimeDP: 168, 127, 147, 135, 145, 155, 132, 158, 169, 146
metricRunTimeDPSort: 2, 6, 3, 14, 3, 6, 3, 35, 3, 6
metricDPError: 5, 31, 14, 8, 29, 22, 33, 12, 24, 16
metricDPStoreError: 5, 16, 16, 8, 25, 21, 34, 12, 28, 19
metricTTStoreError: 0, 15, 4, 0, 12, 7, 9, 0, 4, 3
********************************************************************* 
metricRunTimeDP: 176, 113, 145, 171, 126, 133, 112, 186, 157, 171
metricRunTimeDPSort: 3, 6, 2, 15, 2, 6, 3, 34, 3, 7
metricDPError: 41, 16, 13, 17, 25, 10, 16, 16, 29, 31
metricDPStoreError: 0, 0, 1, 9, 15, 9, 9, 11, 17, 22
metricTTStoreError: 41, 16, 12, 8, 10, 19, 23, 5, 16, 13
********************************************************************* 
metricRunTimeDP: 156, 158, 152, 125, 119, 105, 142, 185, 148, 165
metricRunTimeDPSort: 2, 6, 3, 15, 3, 6, 3, 35, 3, 7
metricDPError: 20, 13, 44, 31, 50, 36, 45, 16, 29, 27
metricDPStoreError: 5, 0, 5, 4, 16, 18, 23, 8, 32, 19
metricTTStoreError: 15, 13, 39, 27, 34, 24, 26, 8, 3, 10
********************************************************************* 
metricRunTimeDP: 156, 138, 163, 151, 147, 148, 151, 164, 162, 161
metricRunTimeDPSort: 3, 6, 2, 14, 2, 6, 3, 34, 3, 7
metricDPError: 17, 40, 43, 15, 40, 24, 27, 13, 15, 26
metricDPStoreError: 15, 40, 48, 15, 43, 24, 38, 4, 4, 16
metricTTStoreError: 2, 0, 5, 0, 3, 0, 13, 9, 17, 12
********************************************************************* 
metricRunTimeDP: 176, 180, 113, 161, 119, 127, 135, 130, 126, 175
metricRunTimeDPSort: 2, 6, 2, 15, 2, 6, 3, 35, 3, 7
metricDPError: 22, 17, 16, 14, 16, 24, 24, 22, 31, 27
metricDPStoreError: 16, 11, 11, 0, 0, 15, 17, 0, 0, 0
metricTTStoreError: 6, 6, 13, 14, 16, 9, 31, 22, 31, 27
********************************************************************* 
metricRunTimeDP: 148, 138, 128, 139, 111, 140, 155, 168, 150, 161
metricRunTimeDPSort: 2, 6, 2, 15, 2, 7, 3, 35, 3, 7
metricDPError: 12, 21, 26, 18, 26, 29, 42, 27, 36, 29
metricDPStoreError: 0, 6, 13, 1, 11, 3, 6, 3, 17, 16
metricTTStoreError: 12, 15, 17, 17, 15, 28, 38, 24, 19, 13
********************************************************************* 
metricRunTimeDP: 154, 150, 149, 161, 162, 124, 161, 146, 167, 135
metricRunTimeDPSort: 3, 6, 2, 14, 3, 6, 3, 35, 3, 6
metricDPError: 13, 20, 24, 10, 17, 23, 33, 19, 22, 16
metricDPStoreError: 9, 17, 19, 3, 3, 3, 8, 2, 2, 4
metricTTStoreError: 4, 3, 11, 7, 20, 22, 27, 17, 24, 16
********************************************************************* 
metricRunTimeDP: 129, 149, 147, 143, 143, 124, 156, 171, 156, 166
metricRunTimeDPSort: 2, 5, 3, 14, 2, 6, 3, 35, 3, 6
metricDPError: 22, 14, 13, 14, 20, 25, 17, 15, 29, 5
metricDPStoreError: 7, 11, 12, 9, 11, 17, 17, 9, 15, 10
metricTTStoreError: 15, 3, 15, 5, 9, 12, 22, 6, 14, 11
********************************************************************* 
metricRunTimeDP: 172, 116, 149, 167, 147, 157, 146, 139, 154, 165
metricRunTimeDPSort: 2, 6, 2, 15, 3, 6, 3, 34, 3, 7
metricDPError: 27, 5, 6, 8, 16, 15, 18, 10, 25, 14
metricDPStoreError: 15, 2, 2, 4, 7, 5, 5, 1, 13, 7
metricTTStoreError: 12, 3, 8, 4, 13, 16, 23, 9, 14, 7
********************************************************************* 
metricRunTimeDP: 146, 152, 125, 112, 122, 173, 149, 150, 171, 151
metricRunTimeDPSort: 2, 6, 2, 15, 3, 6, 3, 35, 3, 7
metricDPError: 14, 10, 20, 28, 42, 61, 73, 25, 36, 33
metricDPStoreError: 2, 0, 8, 0, 0, 0, 7, 7, 11, 16
metricTTStoreError: 12, 10, 12, 28, 42, 61, 66, 18, 25, 23
********************************************************************* 
metricRunTimeDP: 170, 145, 127, 137, 139, 138, 135, 146, 149, 137
metricRunTimeDPSort: 2, 6, 2, 15, 3, 6, 3, 34, 3, 7
metricDPError: 15, 25, 38, 24, 22, 41, 45, 49, 49, 51
metricDPStoreError: 11, 2, 5, 18, 18, 35, 50, 39, 43, 45
metricTTStoreError: 4, 23, 33, 6, 8, 6, 5, 10, 12, 12
********************************************************************* 
metricRunTimeDP: 142, 123, 122, 151, 161, 151, 159, 180, 143, 146
metricRunTimeDPSort: 2, 6, 2, 14, 3, 6, 3, 35, 3, 7
metricDPError: 11, 15, 25, 12, 10, 13, 17, 18, 41, 30
metricDPStoreError: 4, 9, 11, 8, 8, 8, 8, 9, 29, 13
metricTTStoreError: 7, 6, 14, 4, 12, 15, 21, 9, 12, 17
********************************************************************* 
metricRunTimeDP: 163, 138, 139, 141, 157, 108, 139, 183, 149, 113
metricRunTimeDPSort: 2, 6, 3, 14, 3, 6, 3, 35, 3, 7
metricDPError: 16, 9, 34, 27, 32, 30, 17, 34, 37, 41
metricDPStoreError: 7, 1, 15, 6, 6, 11, 11, 12, 12, 23
metricTTStoreError: 9, 8, 21, 21, 38, 19, 14, 22, 41, 18
********************************************************************* 
metricRunTimeDP: 172, 151, 151, 127, 105, 137, 136, 204, 163, 165
metricRunTimeDPSort: 2, 6, 2, 14, 2, 6, 3, 35, 3, 7
metricDPError: 26, 8, 26, 20, 21, 31, 30, 34, 56, 46
metricDPStoreError: 18, 2, 13, 14, 18, 23, 25, 17, 24, 22
metricTTStoreError: 8, 6, 13, 6, 3, 10, 9, 17, 32, 24
********************************************************************* 
metricRunTimeDP: 142, 113, 132, 180, 126, 150, 134, 174, 129, 149
metricRunTimeDPSort: 2, 6, 3, 15, 3, 7, 3, 35, 3, 7
metricDPError: 25, 18, 19, 21, 42, 47, 51, 26, 42, 22
metricDPStoreError: 0, 16, 18, 6, 10, 30, 32, 23, 39, 24
metricTTStoreError: 25, 2, 5, 15, 38, 23, 25, 3, 7, 2
********************************************************************* 
metricRunTimeDP: 157, 147, 153, 117, 149, 121, 121, 155, 153, 133
metricRunTimeDPSort: 2, 6, 2, 15, 3, 6, 3, 33, 3, 6
metricDPError: 9, 19, 39, 30, 24, 36, 43, 20, 13, 28
metricDPStoreError: 3, 19, 31, 16, 18, 19, 28, 14, 14, 22
metricTTStoreError: 6, 0, 16, 14, 22, 19, 33, 6, 17, 28
********************************************************************* 
metricRunTimeDP: 168, 164, 134, 159, 138, 134, 123, 164, 151, 139
metricRunTimeDPSort: 2, 6, 2, 14, 2, 6, 2, 35, 3, 7
metricDPError: 15, 25, 52, 18, 29, 25, 33, 28, 35, 31
metricDPStoreError: 4, 19, 46, 3, 9, 11, 12, 24, 32, 34
metricTTStoreError: 11, 6, 20, 15, 20, 14, 21, 4, 9, 7
********************************************************************* 
metricRunTimeDP: 162, 148, 141, 124, 177, 142, 157, 181, 118, 167
metricRunTimeDPSort: 2, 6, 2, 15, 2, 6, 3, 35, 3, 7
metricDPError: 22, 16, 23, 25, 46, 25, 23, 13, 32, 34
metricDPStoreError: 15, 8, 17, 13, 24, 15, 23, 10, 29, 23
metricTTStoreError: 7, 8, 10, 12, 22, 12, 12, 3, 5, 11
********************************************************************* 
metricRunTimeDP: 147, 139, 135, 153, 166, 179, 160, 155, 137, 153
metricRunTimeDPSort: 3, 6, 3, 16, 3, 7, 3, 40, 3, 7
metricDPError: 14, 34, 33, 30, 32, 16, 46, 15, 22, 23
metricDPStoreError: 3, 15, 26, 0, 1, 6, 33, 0, 0, 0
metricTTStoreError: 11, 19, 7, 30, 31, 10, 23, 15, 22, 23
********************************************************************* 
metricRunTimeDP: 160, 137, 159, 143, 139, 155, 155, 148, 135, 112
metricRunTimeDPSort: 2, 6, 3, 15, 3, 6, 3, 35, 3, 7
metricDPError: 18, 20, 20, 12, 10, 12, 10, 19, 42, 44
metricDPStoreError: 3, 4, 10, 5, 5, 8, 8, 7, 23, 20
metricTTStoreError: 15, 16, 10, 7, 11, 8, 10, 12, 19, 24
********************************************************************* 
metricRunTimeDP: 148, 143, 124, 180, 152, 145, 172, 163, 135, 128
metricRunTimeDPSort: 2, 6, 2, 15, 3, 6, 2, 34, 3, 6
metricDPError: 25, 24, 26, 52, 58, 69, 65, 46, 62, 65
metricDPStoreError: 13, 19, 19, 48, 48, 62, 70, 46, 62, 68
metricTTStoreError: 12, 5, 11, 4, 18, 9, 9, 0, 0, 3
********************************************************************* 
metricRunTimeDP: 160, 165, 138, 155, 163, 132, 137, 118, 154, 134
metricRunTimeDPSort: 2, 6, 2, 15, 3, 6, 3, 34, 3, 7
metricDPError: 7, 17, 25, 7, 12, 9, 23, 11, 12, 22
metricDPStoreError: 2, 14, 30, 6, 10, 6, 17, 3, 9, 3
metricTTStoreError: 5, 3, 15, 1, 2, 11, 14, 8, 3, 25
********************************************************************* 
metricRunTimeDP: 128, 116, 132, 146, 108, 149, 165, 172, 106, 151
metricRunTimeDPSort: 2, 6, 2, 14, 3, 6, 3, 35, 3, 7
metricDPError: 19, 8, 14, 26, 23, 31, 46, 27, 45, 43
metricDPStoreError: 5, 2, 13, 4, 6, 13, 24, 9, 13, 13
metricTTStoreError: 14, 6, 1, 22, 25, 22, 22, 18, 46, 44
********************************************************************* 
metricRunTimeDP: 146, 141, 158, 173, 153, 123, 162, 142, 153, 139
metricRunTimeDPSort: 2, 6, 2, 15, 3, 7, 3, 34, 3, 7
metricDPError: 22, 17, 27, 22, 54, 32, 31, 39, 65, 63
metricDPStoreError: 3, 10, 12, 13, 30, 23, 23, 33, 55, 58
metricTTStoreError: 19, 7, 15, 9, 24, 11, 14, 6, 10, 9
********************************************************************* 
metricRunTimeDP: 167, 147, 137, 183, 139, 120, 158, 160, 131, 129
metricRunTimeDPSort: 3, 6, 3, 15, 2, 6, 3, 35, 3, 7
metricDPError: 21, 12, 16, 12, 11, 19, 26, 8, 16, 14
metricDPStoreError: 9, 5, 5, 1, 5, 8, 11, 0, 0, 3
metricTTStoreError: 12, 7, 13, 11, 8, 13, 17, 8, 16, 11
