********************************************************************* 
metricRunTimePoint: 3249, 3086, 3029, 3071, 3328, 2946, 3028, 3228, 3056, 2997
metricDPErrorPoint: 49, 39, 39, 34, 49, 48, 50, 47, 46, 39
metricDPStoreErrorPoint: 49, 39, 39, 34, 49, 48, 50, 47, 46, 39
metricTTStoreErrorPoint: 0, 0, 0, 0, 0, 0, 0, 0, 0, 0
********************************************************************* 
metricRunTimeRange: 65576, 64124, 63274, 63057, 64789, 61870, 62163, 62542, 68702, 61662
metricDPErrorRange: 801, 868, 825, 803, 866, 861, 796, 825, 809, 848
metricDPStoreErrorRange: 429, 452, 375, 422, 402, 452, 420, 395, 422, 443
metricTTStoreErrorRange: 372, 416, 450, 381, 464, 409, 376, 430, 387, 405
