connected
fileName: bin40_ss2.txt  T: 10  eps: 1  N: 1000 out:2
connected
fileName: bin40_ss1.txt  T: 10  eps: 1  N: 1000 out:2
index---------------------------------------------------------------------------: 0
index---------------------------------------------------------------------------: 0
index---------------------------------------------------------------------------: 1
index---------------------------------------------------------------------------: 1
1651
connected
fileName: bin40_ss2.txt  T: 10  eps: 1  N: 1000  sortOption: 0 out:0
index---------------------------------------------------------------------------: 0
connected
fileName: bin40_ss1.txt  T: 10  eps: 1  N: 1000  sortOption: 0 out:0
index---------------------------------------------------------------------------: 0
index---------------------------------------------------------------------------: 1
index---------------------------------------------------------------------------: 1
index---------------------------------------------------------------------------: 2
index---------------------------------------------------------------------------: 2
index---------------------------------------------------------------------------: 3
index---------------------------------------------------------------------------: 3
index---------------------------------------------------------------------------: 4
index---------------------------------------------------------------------------: 4
index---------------------------------------------------------------------------: 5
index---------------------------------------------------------------------------: 5
index---------------------------------------------------------------------------: 6
index---------------------------------------------------------------------------: 6
index---------------------------------------------------------------------------: 7
index---------------------------------------------------------------------------: 7
index---------------------------------------------------------------------------: 8
index---------------------------------------------------------------------------: 8
index---------------------------------------------------------------------------: 9
index---------------------------------------------------------------------------: 9
********************************************************************* 
metricRunTimeDP: 13, 6, 10, 6, 10, 6, 10, 6, 10, 6
metricRunTimeDPSort: 14, 26, 22, 60, 21, 34, 26, 129, 21, 33
metricRunTimePointQuery: 0, 0, 3, 0, 6, 5, 9, 0, 10, 10
metricRunTimeRangeQuery: 0, 0, 0, 0, 0, 0, 0, 0, 0, 0
metricDPErrorP: 4.05, 4.225, 6.45, 5.2, 6.925, 6.9, 6.675, 6.5, 8.325, 9.475
metricDPStoreErrorP: 25.25, 50.375, 28.625, 100.75, 28.35, 55.025, 33.825, 202.05, 26.75, 54.75
metricTTStoreErrorP: 25, 50, 26.925, 100, 27.225, 52.225, 31, 200, 27.225, 52.225
metricDPErrorR: 16.7293, 7.49268, 29.6073, 12.6, 15.522, 36.3707, 37.2878, 25.1561, 19.8805, 29.0537
metricDPStoreErrorR: 341.656, 700.888, 403.361, 1396.45, 383.557, 766.799, 422.365, 2821.73, 373.938, 758.66
metricTTStoreErrorR: 350, 700, 377.217, 1400, 383.07, 733.07, 387.209, 2800, 384.84, 734.84
********************************************************************* 
metricRunTimeDP: 10, 6, 10, 6, 10, 6, 10, 6, 10, 6
metricRunTimeDPSort: 14, 26, 22, 60, 21, 34, 26, 129, 21, 33
metricRunTimePointQuery: 0, 0, 3, 0, 6, 5, 10, 0, 10, 11
metricRunTimeRangeQuery: 0, 0, 0, 0, 0, 0, 0, 0, 0, 0
metricDPErrorP: 4.05, 4.225, 6.45, 5.2, 6.925, 6.9, 6.675, 6.5, 8.325, 9.475
metricDPStoreErrorP: 25.25, 50.375, 28.625, 100.75, 28.35, 55.025, 33.825, 202.05, 26.75, 54.75
metricTTStoreErrorP: 25, 50, 26.925, 100, 27.225, 52.225, 31, 200, 27.225, 52.225
metricDPErrorR: 16.7293, 7.49268, 29.6073, 12.6, 15.522, 36.3707, 37.2878, 25.1561, 19.8805, 29.0537
metricDPStoreErrorR: 341.656, 700.888, 403.361, 1396.45, 383.557, 766.799, 422.365, 2821.73, 373.938, 758.66
metricTTStoreErrorR: 350, 700, 377.217, 1400, 383.07, 733.07, 387.209, 2800, 384.84, 734.84
2136
