fileName: bin40_total_amount_ss2.txt  T: 200  eps: 1  N: 1000 out:2
index---------------------------------------------------------------------------: 0
fileName: bin40_total_amount_ss1.txt  T: 200  eps: 1  N: 1000 out:2
index---------------------------------------------------------------------------: 0
connected
index---------------------------------------------------------------------------: 1
connected
index---------------------------------------------------------------------------: 1
connected
index---------------------------------------------------------------------------: 2
connected
index---------------------------------------------------------------------------: 2
connected
index---------------------------------------------------------------------------: 3
connected
index---------------------------------------------------------------------------: 3
connected
index---------------------------------------------------------------------------: 4
connected
index---------------------------------------------------------------------------: 4
connected
index---------------------------------------------------------------------------: 5
connected
index---------------------------------------------------------------------------: 5
connected
index---------------------------------------------------------------------------: 6
connected
index---------------------------------------------------------------------------: 6
connected
index---------------------------------------------------------------------------: 7
connected
index---------------------------------------------------------------------------: 7
connected
index---------------------------------------------------------------------------: 8
connected
index---------------------------------------------------------------------------: 8
connected
index---------------------------------------------------------------------------: 9
connected
index---------------------------------------------------------------------------: 9
connected
********************************************************************* 
metricRunTimePoint: 1048, 2130, 3383, 4803, 6117, 7639, 9106, 10852, 12372, 13707
metricDPErrorPoint: 313.5, 330.075, 326.9, 305, 272.125, 311.475, 339.975, 302.5, 360.475, 309
metricDPStoreErrorPoint: 194.625, 122.375, 170.45, 103.925, 182.875, 145.6, 128.6, 174.625, 188.4, 162.275
metricTTStoreErrorPoint: 118.875, 207.7, 156.45, 201.075, 89.25, 165.875, 211.375, 127.875, 172.075, 146.725
metricRunTimeRange: 982, 2156, 3347, 4804, 6068, 7557, 9108, 11010, 12341, 13847
metricDPErrorRange: 11893, 13056.6, 12234.4, 12121.4, 11571, 12596.6, 11672.7, 12272.7, 11700.9, 11597.7
metricDPStoreErrorRange: 5740.56, 6610.69, 6442.57, 5907.73, 5225.75, 5918.21, 5850.57, 6177.88, 5437.85, 5543.06
metricTTStoreErrorRange: 6152.4, 6445.92, 5791.84, 6213.64, 6345.27, 6678.43, 5822.14, 6094.8, 6263, 6054.68
connected
********************************************************************* 
metricRunTimePoint: 1048, 2130, 3382, 4803, 6116, 7638, 9105, 10851, 12371, 13706
metricDPErrorPoint: 313.5, 330.075, 326.9, 305, 272.125, 311.475, 339.975, 302.5, 360.475, 309
metricDPStoreErrorPoint: 194.625, 122.375, 170.45, 103.925, 182.875, 145.6, 128.6, 174.625, 188.4, 162.275
metricTTStoreErrorPoint: 118.875, 207.7, 156.45, 201.075, 89.25, 165.875, 211.375, 127.875, 172.075, 146.725
metricRunTimeRange: 982, 2156, 3347, 4804, 6068, 7557, 9108, 11010, 12341, 13847
metricDPErrorRange: 11893, 13056.6, 12234.4, 12121.4, 11571, 12596.6, 11672.7, 12272.7, 11700.9, 11597.7
metricDPStoreErrorRange: 5740.56, 6610.69, 6442.57, 5907.73, 5225.75, 5918.21, 5850.57, 6177.88, 5437.85, 5543.06
metricTTStoreErrorRange: 6152.4, 6445.92, 5791.84, 6213.64, 6345.27, 6678.43, 5822.14, 6094.8, 6263, 6054.68
