connected
fileName: bin40_ss2.txt  T: 10  eps: 1  N: 1000 out:2
connected
fileName: bin40_ss1.txt  T: 10  eps: 1  N: 1000 out:2
index---------------------------------------------------------------------------: 0
index---------------------------------------------------------------------------: 0
1848
connected
fileName: bin40_ss2.txt  T: 10  eps: 1  N: 1000  sortOption: 0 out:0
connected
fileName: bin40_ss1.txt  T: 10  eps: 1  N: 1000  sortOption: 0 out:0
index---------------------------------------------------------------------------: 0
index---------------------------------------------------------------------------: 0
index---------------------------------------------------------------------------: 1
index---------------------------------------------------------------------------: 1
index---------------------------------------------------------------------------: 2
index---------------------------------------------------------------------------: 2
index---------------------------------------------------------------------------: 3
index---------------------------------------------------------------------------: 3
index---------------------------------------------------------------------------: 4
index---------------------------------------------------------------------------: 4
index---------------------------------------------------------------------------: 5
index---------------------------------------------------------------------------: 5
index---------------------------------------------------------------------------: 6
index---------------------------------------------------------------------------: 6
index---------------------------------------------------------------------------: 7
index---------------------------------------------------------------------------: 7
index---------------------------------------------------------------------------: 8
index---------------------------------------------------------------------------: 8
index---------------------------------------------------------------------------: 9
index---------------------------------------------------------------------------: 9
********************************************************************* 
metricRunTimeDP: 10, 6, 11, 6, 10, 6, 10, 6, 10, 5
metricRunTimeDPSort: 18, 33, 27, 76, 27, 42, 35, 164, 26, 42
metricRunTimeDPMerge: 4, 5, 36, 6, 39, 40, 89, 9, 88, 67
metricRunTimePointQuery: 1, 2, 4, 6, 7, 8, 11, 10, 12, 12
metricRunTimeRangeQuery: 0, 0, 0, 0, 0, 0, 0, 0, 0, 0
metricDPErrorP: 5.375, 5.725, 8, 4.325, 5.75, 6.25, 6.3, 4.825, 6.7, 7.175
metricDPStoreErrorP: 2.55, 3.3, 4.875, 3.15, 4.825, 6.3, 7.5, 2.875, 4.475, 5.175
metricTTStoreErrorP: 2.825, 2.425, 4.575, 1.175, 2.825, 4.1, 5.65, 1.95, 3.025, 4.75
metricDPErrorR: 11.5, 30.039, 12.5463, 30.0829, 37.3854, 30.3244, 32.6683, 15.3293, 23.8293, 22.261
metricDPStoreErrorR: 38.2707, 49.7805, 71.2244, 44.7829, 72.3976, 73.2732, 92.9878, 39.8085, 61.0463, 71.8
metricTTStoreErrorR: 42.1366, 21.9024, 66.8829, 15.3341, 35.9902, 44.7415, 61.4707, 27.3866, 40.9512, 58.061
********************************************************************* 
metricRunTimeDP: 10, 6, 11, 6, 10, 6, 10, 6, 10, 5
metricRunTimeDPSort: 18, 33, 27, 76, 27, 42, 35, 164, 26, 42
metricRunTimeDPMerge: 6, 7, 38, 8, 41, 43, 91, 11, 91, 71
metricRunTimePointQuery: 1, 2, 4, 7, 7, 9, 12, 10, 13, 12
metricRunTimeRangeQuery: 0, 0, 0, 0, 0, 0, 0, 0, 0, 0
metricDPErrorP: 5.375, 5.725, 8, 4.325, 5.75, 6.25, 6.3, 4.825, 6.7, 7.175
metricDPStoreErrorP: 2.55, 3.3, 4.875, 3.15, 4.825, 6.3, 7.5, 2.875, 4.475, 5.175
metricTTStoreErrorP: 2.825, 2.425, 4.575, 1.175, 2.825, 4.1, 5.65, 1.95, 3.025, 4.75
metricDPErrorR: 11.5, 30.039, 12.5463, 30.0829, 37.3854, 30.3244, 32.6683, 15.3293, 23.8293, 22.261
metricDPStoreErrorR: 38.2707, 49.7805, 71.2244, 44.7829, 72.3976, 73.2732, 92.9878, 39.8085, 61.0463, 71.8
metricTTStoreErrorR: 42.1366, 21.9024, 66.8829, 15.3341, 35.9902, 44.7415, 61.4707, 27.3866, 40.9512, 58.061
2440
