connected
fileName: bin40_ss2.txt  T: 10  eps: 1  N: 1000 out:2
connected
fileName: bin40_ss1.txt  T: 10  eps: 1  N: 1000 out:2
index---------------------------------------------------------------------------: 0
index---------------------------------------------------------------------------: 0
1862
connected
fileName: bin40_ss2.txt  T: 10  eps: 1  N: 1000  sortOption: 0 out:0
connected
fileName: bin40_ss1.txt  T: 10  eps: 1  N: 1000  sortOption: 0 out:0
index---------------------------------------------------------------------------: 0
index---------------------------------------------------------------------------: 0
index---------------------------------------------------------------------------: 1
index---------------------------------------------------------------------------: 1
index---------------------------------------------------------------------------: 2
index---------------------------------------------------------------------------: 2
index---------------------------------------------------------------------------: 3
index---------------------------------------------------------------------------: 3
index---------------------------------------------------------------------------: 4
index---------------------------------------------------------------------------: 4
index---------------------------------------------------------------------------: 5
index---------------------------------------------------------------------------: 5
index---------------------------------------------------------------------------: 6
index---------------------------------------------------------------------------: 6
index---------------------------------------------------------------------------: 7
index---------------------------------------------------------------------------: 7
index---------------------------------------------------------------------------: 8
index---------------------------------------------------------------------------: 8
index---------------------------------------------------------------------------: 9
index---------------------------------------------------------------------------: 9
********************************************************************* 
metricRunTimeDP: 10, 6, 10, 6, 10, 6, 10, 6, 10, 6
metricRunTimeDPSort: 19, 33, 27, 78, 28, 43, 36, 166, 28, 44
metricRunTimeDPMerge: 3, 5, 35, 6, 40, 39, 84, 8, 84, 75
metricRunTimePointQuery: 1, 2, 3, 5, 7, 8, 9, 10, 10, 10
metricRunTimeRangeQuery: 0, 0, 0, 0, 0, 0, 0, 0, 0, 0
metricDPErrorP: 3.2, 4.225, 6.275, 5.375, 6.5, 5.725, 7.225, 5.1, 8.75, 8.175
metricDPStoreErrorP: 1.65, 2.625, 4.125, 2.95, 4.45, 4.25, 5.55, 2.3, 4.25, 3.55
metricTTStoreErrorP: 1.55, 2.3, 4.45, 2.425, 4.75, 3.925, 5.325, 2.8, 5.2, 5.875
metricDPErrorR: 8.43659, 13.4951, 24.722, 30.7634, 23.0146, 21.5902, 20.0537, 18.0707, 28.8561, 31.5244
metricDPStoreErrorR: 23.9195, 35.1183, 60.8183, 40.939, 62.2195, 57.3805, 79.9366, 34.678, 64.7927, 56.322
metricTTStoreErrorR: 21.6415, 24.1573, 49.3695, 30.0024, 67.0195, 53.4195, 68.778, 33.6415, 59.5244, 76.6854
********************************************************************* 
metricRunTimeDP: 10, 6, 10, 6, 10, 6, 10, 6, 10, 6
metricRunTimeDPSort: 19, 33, 27, 78, 28, 43, 36, 166, 28, 44
metricRunTimeDPMerge: 6, 7, 39, 8, 43, 43, 86, 11, 89, 78
metricRunTimePointQuery: 1, 2, 4, 5, 7, 8, 9, 11, 10, 10
metricRunTimeRangeQuery: 0, 0, 0, 0, 0, 0, 0, 0, 0, 0
metricDPErrorP: 3.2, 4.225, 6.275, 5.375, 6.5, 5.725, 7.225, 5.1, 8.75, 8.175
metricDPStoreErrorP: 1.65, 2.625, 4.125, 2.95, 4.45, 4.25, 5.55, 2.3, 4.25, 3.55
metricTTStoreErrorP: 1.55, 2.3, 4.45, 2.425, 4.75, 3.925, 5.325, 2.8, 5.2, 5.875
metricDPErrorR: 8.43659, 13.4951, 24.722, 30.7634, 23.0146, 21.5902, 20.0537, 18.0707, 28.8561, 31.5244
metricDPStoreErrorR: 23.9195, 35.1183, 60.8183, 40.939, 62.2195, 57.3805, 79.9366, 34.678, 64.7927, 56.322
metricTTStoreErrorR: 21.6415, 24.1573, 49.3695, 30.0024, 67.0195, 53.4195, 68.778, 33.6415, 59.5244, 76.6854
2465
