********************************************************************* 
metricRunTimeDP: 42, 56, 29, 42, 29, 43, 28, 43, 33, 46, 39, 44, 28, 56, 28, 52, 42, 50, 44, 43, 37, 41, 42, 41, 59, 44, 49, 46, 41, 29, 54, 42, 47, 29, 41, 42, 41, 50, 40, 43, 39, 36, 51, 40, 29, 42, 29, 45, 29, 43, 28, 49, 51, 28, 41, 29, 55, 36, 42, 45, 29, 56, 43, 28, 29, 42, 40, 42, 28, 54, 28, 41, 27, 42, 28, 28, 32, 43, 28, 50, 49, 48, 28, 42, 44, 29, 54, 42, 56, 43, 41, 40, 43, 29, 28, 28, 39, 28, 42, 44
metricRunTimeDPSort: 0, 1, 1, 1, 2, 3, 3, 4, 5, 5, 6, 7, 7, 8, 8, 9, 11, 11, 12, 13, 13, 14, 15, 16, 17, 18, 18, 19, 19, 20, 21, 22, 23, 24, 25, 26, 26, 28, 29, 30, 31, 30, 31, 34, 36, 34, 36, 37, 37, 37, 39, 40, 41, 42, 43, 44, 43, 45, 44, 46, 47, 49, 49, 48, 51, 53, 52, 55, 56, 57, 56, 59, 60, 60, 61, 63, 64, 65, 67, 68, 68, 68, 70, 72, 73, 74, 77, 75, 77, 79, 81, 82, 83, 83, 84, 84, 86, 86, 87, 88
metricRunTimeDPMerge: 4, 8, 8, 11, 10, 13, 13, 12, 17, 12, 12, 13, 15, 13, 14, 14, 15, 16, 16, 17, 17, 17, 16, 17, 17, 18, 19, 21, 20, 20, 21, 22, 23, 24, 23, 23, 23, 24, 24, 26, 26, 25, 26, 31, 27, 27, 29, 30, 30, 29, 30, 32, 32, 32, 34, 33, 34, 35, 34, 40, 38, 38, 38, 37, 37, 38, 40, 38, 40, 41, 37, 39, 40, 41, 42, 43, 44, 43, 44, 46, 44, 46, 46, 47, 48, 46, 48, 48, 49, 50, 52, 51, 51, 53, 54, 56, 54, 58, 55, 58
metricDPError: 40, 99, 112, 108, 128, 133, 140, 163, 151, 175, 187, 265, 247, 235, 260, 270, 349, 378, 377, 369, 398, 480, 449, 481, 460, 472, 511, 506, 556, 595, 640, 657, 674, 671, 690, 693, 698, 726, 725, 714, 670, 744, 758, 781, 805, 814, 888, 892, 883, 898, 905, 930, 918, 993, 986, 995, 1019, 1042, 1076, 1073, 1077, 1098, 1138, 1130, 1162, 1189, 1187, 1192, 1171, 1246, 1228, 1270, 1318, 1312, 1304, 1374, 1347, 1327, 1376, 1423, 1410, 1393, 1422, 1434, 1449, 1456, 1506, 1525, 1558, 1526, 1511, 1488, 1459, 1523, 1561, 1589, 1571, 1575, 1596, 1620
metricDPStoreError: 19, 72, 94, 119, 136, 136, 166, 166, 166, 166, 168, 208, 218, 218, 243, 251, 274, 300, 319, 346, 349, 401, 401, 405, 416, 416, 430, 430, 466, 497, 510, 533, 543, 543, 552, 552, 552, 563, 563, 564, 575, 642, 642, 645, 666, 666, 702, 704, 728, 728, 728, 735, 735, 760, 776, 800, 830, 840, 904, 923, 926, 926, 937, 937, 952, 956, 961, 972, 973, 987, 987, 987, 1035, 1038, 1038, 1052, 1052, 1055, 1077, 1086, 1092, 1112, 1127, 1132, 1133, 1133, 1142, 1148, 1148, 1148, 1148, 1148, 1167, 1167, 1191, 1217, 1222, 1226, 1244, 1262
metricTTStoreError: 21, 27, 18, 41, 48, 55, 38, 93, 87, 121, 123, 115, 135, 127, 123, 123, 167, 174, 150, 91, 107, 107, 140, 142, 138, 120, 173, 164, 182, 200, 232, 216, 231, 238, 248, 253, 250, 259, 268, 246, 187, 194, 210, 228, 231, 226, 282, 286, 257, 276, 285, 287, 277, 325, 302, 251, 251, 226, 238, 220, 207, 230, 245, 277, 286, 325, 318, 316, 296, 351, 341, 387, 381, 374, 368, 414, 375, 340, 377, 381, 374, 373, 387, 394, 408, 417, 460, 471, 508, 480, 467, 440, 384, 448, 462, 464, 443, 443, 444, 450
********************************************************************* 
metricRunTimeDP: 41, 44, 35, 43, 37, 29, 29, 29, 29, 44, 28, 29, 29, 29, 29, 29, 46, 49, 29, 44, 42, 42, 42, 47, 43, 29, 28, 28, 44, 28, 42, 61, 45, 28, 44, 44, 43, 28, 28, 40, 64, 28, 28, 44, 28, 28, 48, 55, 53, 28, 29, 41, 28, 42, 43, 38, 35, 41, 54, 29, 28, 43, 51, 55, 28, 42, 28, 40, 28, 43, 43, 41, 42, 50, 46, 28, 44, 42, 28, 43, 47, 28, 56, 44, 43, 42, 44, 41, 44, 28, 58, 43, 62, 29, 53, 42, 28, 28, 42, 41
metricRunTimeDPSort: 0, 1, 1, 2, 2, 3, 3, 4, 5, 5, 6, 6, 7, 8, 8, 9, 10, 10, 11, 11, 12, 14, 14, 15, 16, 15, 16, 18, 18, 19, 20, 20, 21, 23, 24, 24, 24, 26, 27, 28, 29, 30, 30, 33, 33, 35, 36, 36, 38, 37, 39, 39, 41, 40, 41, 43, 44, 45, 45, 47, 46, 49, 50, 51, 50, 51, 53, 54, 54, 58, 58, 58, 58, 60, 61, 62, 62, 64, 64, 64, 66, 66, 68, 68, 71, 70, 72, 74, 74, 76, 77, 78, 80, 83, 81, 85, 84, 85, 84, 87
metricRunTimeDPMerge: 4, 5, 9, 9, 11, 11, 10, 11, 12, 11, 11, 12, 13, 13, 15, 14, 15, 15, 15, 15, 16, 17, 17, 17, 17, 19, 19, 18, 18, 20, 21, 21, 21, 22, 22, 22, 22, 22, 24, 24, 24, 24, 26, 27, 27, 27, 28, 27, 28, 29, 31, 31, 29, 31, 31, 32, 33, 35, 34, 34, 35, 34, 37, 34, 35, 36, 37, 39, 39, 39, 41, 40, 40, 40, 42, 42, 42, 43, 44, 45, 45, 46, 45, 45, 46, 48, 48, 49, 48, 48, 50, 51, 51, 50, 53, 53, 53, 53, 56, 55
metricDPError: 25, 29, 26, 54, 111, 94, 96, 94, 150, 153, 189, 202, 202, 220, 294, 271, 309, 337, 338, 394, 375, 446, 514, 510, 503, 482, 511, 490, 496, 571, 564, 551, 542, 546, 554, 562, 579, 554, 571, 536, 615, 604, 561, 590, 585, 611, 601, 607, 599, 607, 603, 606, 610, 615, 636, 670, 716, 712, 739, 687, 690, 690, 718, 694, 682, 732, 747, 775, 821, 849, 914, 947, 1046, 1055, 1102, 1110, 1077, 1117, 1129, 1063, 1036, 1070, 1099, 1108, 1134, 1102, 1125, 1159, 1142, 1121, 1104, 1086, 1115, 1147, 1214, 1207, 1196, 1207, 1224, 1231
metricDPStoreError: 7, 7, 7, 12, 85, 112, 112, 112, 147, 149, 193, 220, 233, 241, 294, 294, 319, 343, 362, 398, 398, 455, 523, 540, 540, 540, 557, 559, 592, 593, 612, 613, 613, 629, 634, 653, 655, 689, 728, 728, 761, 761, 771, 799, 799, 804, 807, 807, 807, 807, 807, 821, 825, 825, 825, 831, 874, 874, 881, 884, 884, 884, 894, 894, 921, 933, 947, 975, 1003, 1030, 1059, 1069, 1097, 1147, 1171, 1208, 1220, 1273, 1273, 1273, 1280, 1311, 1319, 1333, 1374, 1381, 1381, 1401, 1401, 1405, 1405, 1405, 1408, 1420, 1485, 1492, 1492, 1498, 1498, 1506
metricTTStoreError: 18, 32, 33, 46, 26, 26, 26, 30, 3, 8, 18, 30, 31, 21, 0, 23, 10, 6, 24, 4, 23, 9, 9, 30, 37, 58, 46, 69, 96, 22, 48, 62, 71, 83, 80, 91, 76, 135, 157, 192, 146, 157, 210, 209, 214, 193, 206, 200, 208, 200, 204, 215, 215, 226, 197, 209, 252, 250, 274, 287, 278, 316, 336, 328, 337, 269, 274, 250, 292, 299, 297, 334, 291, 278, 271, 312, 321, 312, 308, 304, 248, 241, 220, 225, 240, 279, 256, 242, 299, 312, 321, 363, 391, 431, 433, 419, 414, 409, 438, 429
********************************************************************* 
metricRunTimeDP: 45, 43, 29, 58, 41, 43, 44, 37, 43, 41, 41, 28, 29, 44, 49, 43, 45, 47, 53, 41, 28, 29, 42, 28, 29, 52, 42, 45, 39, 43, 54, 29, 51, 40, 36, 41, 28, 28, 44, 54, 28, 43, 64, 43, 42, 28, 42, 56, 46, 28, 29, 39, 28, 28, 44, 28, 53, 28, 45, 48, 52, 40, 42, 28, 28, 47, 51, 41, 28, 46, 43, 44, 27, 40, 51, 38, 28, 35, 44, 43, 53, 45, 41, 42, 54, 46, 34, 28, 44, 44, 42, 28, 46, 28, 40, 43, 43, 54, 28, 46
metricRunTimeDPSort: 0, 0, 1, 2, 2, 3, 3, 4, 4, 4, 5, 7, 7, 8, 8, 9, 10, 10, 12, 12, 12, 13, 14, 15, 16, 17, 17, 18, 19, 19, 20, 20, 21, 22, 23, 26, 26, 26, 27, 28, 29, 29, 31, 31, 32, 34, 35, 35, 37, 37, 38, 39, 39, 40, 40, 40, 43, 43, 43, 44, 45, 47, 48, 48, 48, 50, 51, 51, 52, 53, 55, 55, 55, 58, 58, 59, 59, 60, 62, 61, 62, 63, 64, 66, 67, 67, 69, 70, 71, 72, 72, 70, 72, 75, 76, 76, 77, 79, 79, 81
metricRunTimeDPMerge: 4, 6, 9, 11, 10, 11, 11, 13, 13, 13, 13, 14, 13, 15, 15, 16, 20, 15, 17, 17, 17, 17, 17, 17, 18, 18, 18, 19, 21, 20, 20, 21, 21, 22, 22, 23, 23, 25, 25, 25, 24, 26, 27, 27, 27, 27, 27, 29, 29, 30, 30, 31, 32, 33, 33, 33, 35, 36, 34, 36, 36, 38, 38, 40, 37, 37, 37, 39, 40, 40, 42, 43, 41, 43, 42, 43, 44, 44, 44, 45, 45, 53, 46, 46, 53, 49, 51, 49, 51, 51, 51, 58, 53, 50, 56, 56, 54, 56, 56, 55
metricDPError: 49, 63, 101, 114, 111, 180, 283, 344, 354, 336, 405, 407, 452, 475, 500, 515, 461, 463, 454, 489, 499, 485, 507, 502, 553, 568, 564, 568, 615, 673, 632, 668, 646, 642, 692, 736, 776, 774, 778, 770, 798, 784, 791, 776, 726, 758, 875, 970, 949, 988, 1014, 1032, 1022, 1046, 1087, 1092, 1115, 1105, 1183, 1254, 1216, 1227, 1254, 1243, 1228, 1276, 1350, 1386, 1441, 1535, 1550, 1549, 1605, 1659, 1632, 1769, 1778, 1856, 1930, 1978, 1990, 2021, 2029, 2116, 2147, 2135, 2212, 2232, 2241, 2328, 2380, 2378, 2413, 2439, 2476, 2467, 2482, 2563, 2548, 2628
metricDPStoreError: 49, 67, 106, 112, 118, 183, 248, 308, 343, 343, 343, 357, 357, 379, 391, 398, 444, 447, 459, 468, 480, 481, 505, 505, 531, 540, 543, 545, 571, 607, 611, 639, 642, 642, 646, 662, 693, 723, 737, 744, 755, 771, 789, 817, 817, 817, 875, 898, 898, 930, 935, 935, 949, 990, 1007, 1007, 1021, 1028, 1113, 1148, 1164, 1175, 1205, 1207, 1218, 1250, 1279, 1328, 1366, 1422, 1438, 1443, 1465, 1504, 1510, 1620, 1642, 1686, 1756, 1805, 1815, 1873, 1889, 1930, 1973, 1973, 2058, 2082, 2105, 2192, 2235, 2269, 2302, 2327, 2369, 2386, 2398, 2452, 2488, 2546
metricTTStoreError: 0, 4, 11, 22, 7, 3, 55, 56, 27, 53, 96, 76, 127, 130, 131, 139, 31, 56, 13, 39, 39, 76, 74, 119, 148, 142, 113, 101, 106, 80, 47, 75, 92, 102, 120, 108, 97, 77, 71, 82, 141, 117, 108, 115, 121, 81, 100, 132, 111, 104, 107, 123, 143, 116, 122, 125, 108, 91, 84, 122, 100, 82, 73, 82, 44, 40, 85, 76, 99, 127, 146, 148, 154, 169, 176, 163, 152, 184, 192, 189, 191, 166, 158, 200, 188, 182, 178, 164, 152, 150, 161, 127, 125, 126, 123, 101, 110, 131, 102, 98
********************************************************************* 
metricRunTimeDP: 43, 43, 42, 46, 47, 29, 28, 29, 29, 43, 41, 43, 40, 41, 29, 29, 29, 43, 42, 29, 47, 29, 29, 42, 46, 28, 28, 45, 47, 44, 42, 50, 28, 42, 28, 29, 42, 29, 43, 29, 39, 45, 29, 28, 58, 28, 29, 28, 44, 43, 44, 42, 28, 39, 42, 28, 29, 42, 28, 29, 40, 40, 43, 28, 43, 68, 40, 29, 27, 28, 43, 44, 42, 74, 28, 49, 28, 43, 39, 43, 28, 28, 28, 44, 58, 28, 28, 41, 45, 37, 54, 52, 47, 47, 43, 40, 44, 44, 53, 36
metricRunTimeDPSort: 0, 1, 1, 2, 2, 3, 3, 4, 5, 5, 6, 6, 7, 8, 8, 9, 10, 11, 12, 12, 14, 14, 15, 16, 17, 18, 17, 19, 20, 19, 22, 22, 22, 23, 25, 25, 25, 27, 28, 28, 30, 31, 31, 32, 33, 33, 35, 36, 37, 38, 39, 39, 39, 41, 40, 43, 44, 43, 44, 46, 47, 47, 48, 48, 48, 49, 52, 52, 53, 55, 57, 57, 58, 58, 60, 61, 62, 61, 65, 64, 65, 66, 67, 70, 69, 70, 71, 73, 74, 75, 77, 78, 79, 80, 82, 82, 83, 83, 86, 85
metricRunTimeDPMerge: 4, 6, 7, 10, 11, 11, 11, 12, 16, 16, 13, 15, 13, 14, 14, 14, 14, 15, 15, 15, 16, 15, 17, 18, 17, 17, 18, 18, 19, 18, 19, 20, 21, 22, 21, 22, 22, 24, 24, 24, 25, 26, 25, 26, 28, 27, 29, 27, 27, 28, 30, 30, 31, 32, 32, 32, 32, 33, 35, 36, 35, 36, 35, 36, 36, 36, 38, 39, 39, 39, 40, 41, 38, 40, 42, 42, 42, 43, 45, 44, 46, 45, 45, 46, 48, 48, 48, 50, 49, 49, 50, 50, 51, 53, 52, 55, 56, 55, 55, 56
metricDPError: 36, 92, 93, 106, 125, 130, 158, 219, 260, 245, 227, 251, 255, 267, 245, 273, 283, 263, 309, 312, 326, 310, 344, 371, 433, 471, 450, 477, 433, 440, 466, 533, 586, 624, 577, 646, 666, 659, 681, 688, 730, 738, 756, 728, 759, 751, 817, 835, 833, 846, 901, 936, 916, 890, 929, 903, 890, 901, 895, 921, 981, 1006, 1079, 1115, 1146, 1245, 1248, 1262, 1259, 1300, 1306, 1373, 1392, 1399, 1372, 1359, 1372, 1459, 1491, 1524, 1551, 1480, 1494, 1484, 1525, 1534, 1538, 1553, 1619, 1644, 1654, 1666, 1689, 1679, 1616, 1632, 1644, 1682, 1760, 1749
metricDPStoreError: 13, 51, 51, 86, 99, 101, 136, 189, 216, 234, 234, 234, 291, 292, 308, 327, 349, 363, 379, 388, 415, 415, 423, 434, 448, 454, 454, 468, 484, 520, 520, 554, 582, 601, 609, 645, 688, 712, 738, 750, 750, 781, 797, 807, 807, 807, 861, 870, 870, 870, 896, 914, 925, 926, 964, 983, 983, 1013, 1026, 1033, 1086, 1109, 1168, 1178, 1203, 1239, 1239, 1239, 1239, 1247, 1247, 1279, 1279, 1288, 1288, 1294, 1294, 1363, 1396, 1429, 1446, 1450, 1450, 1450, 1487, 1498, 1498, 1498, 1556, 1557, 1574, 1581, 1599, 1612, 1612, 1620, 1633, 1659, 1680, 1680
metricTTStoreError: 23, 41, 42, 26, 30, 55, 40, 30, 62, 29, 29, 45, 36, 25, 63, 54, 66, 124, 78, 124, 95, 131, 157, 177, 223, 259, 246, 243, 181, 158, 130, 115, 162, 163, 158, 189, 216, 217, 211, 216, 264, 235, 171, 167, 152, 154, 166, 173, 187, 180, 219, 196, 195, 186, 171, 184, 165, 166, 133, 136, 173, 175, 149, 125, 149, 154, 179, 197, 202, 205, 229, 236, 261, 255, 264, 249, 254, 242, 237, 243, 247, 228, 222, 222, 236, 248, 256, 275, 279, 273, 246, 229, 234, 223, 208, 214, 229, 237, 272, 281
********************************************************************* 
metricRunTimeDP: 29, 28, 31, 44, 31, 42, 29, 41, 29, 43, 44, 29, 28, 46, 44, 31, 45, 43, 48, 42, 48, 52, 37, 44, 29, 51, 46, 29, 28, 42, 28, 43, 45, 37, 34, 41, 41, 42, 35, 41, 29, 41, 29, 42, 42, 29, 53, 45, 28, 46, 29, 28, 42, 28, 28, 43, 47, 45, 59, 28, 39, 29, 29, 28, 29, 40, 43, 43, 29, 41, 51, 43, 56, 49, 28, 43, 41, 28, 43, 29, 44, 28, 43, 28, 37, 44, 28, 49, 28, 28, 28, 28, 43, 48, 43, 55, 43, 43, 40, 53
metricRunTimeDPSort: 0, 1, 1, 2, 3, 3, 3, 4, 4, 5, 6, 6, 6, 7, 7, 8, 9, 10, 11, 12, 12, 12, 13, 14, 15, 16, 17, 17, 18, 19, 20, 20, 22, 22, 24, 25, 25, 26, 28, 28, 29, 30, 30, 32, 33, 33, 34, 35, 36, 36, 39, 38, 39, 40, 41, 43, 43, 43, 44, 45, 47, 48, 48, 50, 49, 51, 51, 53, 54, 55, 56, 57, 58, 57, 60, 59, 62, 61, 64, 64, 64, 65, 66, 68, 69, 71, 70, 73, 74, 76, 77, 78, 79, 81, 81, 84, 84, 83, 85, 86
metricRunTimeDPMerge: 3, 5, 10, 9, 12, 12, 13, 13, 12, 13, 13, 14, 14, 15, 15, 16, 17, 17, 18, 17, 18, 17, 19, 18, 18, 22, 20, 20, 19, 20, 21, 21, 20, 22, 22, 22, 25, 24, 24, 26, 25, 26, 26, 25, 27, 27, 27, 27, 29, 30, 30, 30, 30, 31, 33, 32, 33, 34, 35, 35, 36, 36, 37, 36, 37, 38, 38, 39, 40, 40, 40, 40, 41, 40, 44, 42, 43, 42, 43, 45, 46, 46, 46, 47, 47, 48, 47, 49, 51, 50, 52, 52, 52, 51, 55, 53, 56, 16063, 56, 56
metricDPError: 82, 134, 157, 208, 228, 268, 272, 255, 294, 322, 365, 327, 411, 460, 485, 522, 536, 540, 566, 581, 634, 604, 642, 658, 652, 655, 650, 649, 677, 678, 704, 763, 777, 788, 753, 764, 778, 798, 819, 764, 742, 747, 754, 799, 853, 864, 879, 942, 994, 1031, 1027, 1036, 1048, 1026, 990, 1015, 1025, 1042, 978, 965, 984, 984, 1022, 1029, 1044, 1112, 1152, 1181, 1223, 1212, 1255, 1322, 1423, 1484, 1510, 1505, 1487, 1522, 1507, 1586, 1623, 1594, 1596, 1619, 1645, 1686, 1676, 1671, 1678, 1648, 1633, 1649, 1677, 1693, 1739, 1748, 1723, 1710, 1760, 1805
metricDPStoreError: 17, 40, 58, 98, 127, 172, 200, 229, 273, 277, 308, 318, 372, 421, 453, 480, 485, 497, 528, 557, 597, 598, 637, 679, 694, 700, 732, 733, 739, 739, 746, 791, 793, 799, 800, 800, 803, 808, 811, 820, 820, 833, 833, 833, 866, 881, 902, 949, 950, 956, 967, 967, 967, 971, 971, 1002, 1004, 1010, 1010, 1010, 1024, 1030, 1060, 1070, 1070, 1108, 1108, 1140, 1165, 1165, 1184, 1206, 1259, 1293, 1324, 1327, 1328, 1346, 1350, 1424, 1427, 1427, 1427, 1441, 1458, 1483, 1487, 1492, 1510, 1536, 1536, 1536, 1536, 1558, 1577, 1584, 1584, 1584, 1598, 1619
metricTTStoreError: 65, 94, 99, 110, 101, 98, 124, 76, 75, 69, 57, 11, 41, 41, 34, 42, 59, 49, 62, 60, 41, 62, 45, 55, 96, 119, 130, 128, 140, 183, 202, 196, 232, 241, 211, 226, 225, 250, 250, 184, 168, 152, 131, 164, 157, 169, 171, 179, 228, 215, 218, 235, 189, 145, 133, 159, 175, 198, 170, 195, 164, 192, 202, 199, 216, 242, 256, 265, 296, 269, 291, 350, 344, 311, 274, 302, 331, 340, 325, 322, 312, 325, 339, 338, 337, 335, 321, 307, 304, 300, 323, 311, 333, 337, 362, 342, 343, 350, 318, 328
