********************************************************************* 
metricRunTimeDP: 190, 176, 189, 163, 145, 168, 159, 140, 173, 160
metricRunTimeDPSort: 3, 4, 5, 5, 6, 7, 7, 9, 10, 10
metricRunTimeDPMerge: 10, 19, 25, 48, 27, 40, 48, 48, 60, 66
metricDPError: 74, 68, 72, 76, 67, 94, 171, 175, 134, 122
metricDPStoreError: 0, 0, 14, 21, 21, 29, 34, 45, 45, 45
metricTTStoreError: 74, 68, 58, 73, 68, 97, 179, 172, 141, 135
********************************************************************* 
metricRunTimeDP: 167, 163, 157, 184, 176, 147, 174, 183, 174, 173
metricRunTimeDPSort: 3, 3, 4, 5, 5, 7, 7, 8, 8, 9
metricRunTimeDPMerge: 7, 20, 29, 39, 28, 40, 47, 57, 64, 69
metricDPError: 85, 96, 235, 253, 201, 232, 210, 171, 195, 199
metricDPStoreError: 60, 84, 199, 210, 210, 216, 222, 240, 265, 277
metricTTStoreError: 25, 38, 36, 69, 139, 122, 146, 97, 80, 78
********************************************************************* 
metricRunTimeDP: 168, 135, 159, 150, 176, 162, 148, 161, 174, 196
metricRunTimeDPSort: 3, 3, 4, 5, 6, 6, 7, 8, 8, 8
metricRunTimeDPMerge: 8, 21, 28, 39, 31, 39, 41, 54, 64, 63
metricDPError: 67, 53, 38, 78, 121, 129, 124, 222, 237, 280
metricDPStoreError: 51, 63, 76, 87, 93, 103, 103, 182, 217, 252
metricTTStoreError: 16, 20, 40, 9, 74, 76, 79, 82, 64, 74
********************************************************************* 
metricRunTimeDP: 179, 189, 163, 160, 190, 188, 173, 147, 184, 159
metricRunTimeDPSort: 3, 4, 4, 5, 5, 6, 7, 8, 8, 9
metricRunTimeDPMerge: 8, 20, 31, 46, 57, 33, 51, 54, 60, 68
metricDPError: 50, 67, 88, 125, 165, 177, 129, 95, 175, 157
metricDPStoreError: 28, 65, 92, 125, 165, 195, 215, 215, 248, 248
metricTTStoreError: 22, 2, 4, 0, 0, 18, 86, 140, 99, 149
********************************************************************* 
metricRunTimeDP: 160, 183, 158, 158, 193, 161, 183, 188, 175, 178
metricRunTimeDPSort: 3, 3, 4, 5, 6, 7, 7, 8, 9, 10
metricRunTimeDPMerge: 13, 19, 30, 44, 26, 38, 47, 57, 59, 66
metricDPError: 42, 42, 56, 84, 97, 94, 90, 83, 68, 88
metricDPStoreError: 12, 13, 58, 78, 106, 113, 115, 118, 118, 118
metricTTStoreError: 30, 29, 16, 32, 55, 25, 43, 117, 116, 150
********************************************************************* 
metricRunTimeDP: 148, 146, 162, 179, 148, 158, 162, 144, 185, 160
metricRunTimeDPSort: 3, 3, 4, 5, 6, 6, 7, 7, 8, 8
metricRunTimeDPMerge: 9, 20, 31, 47, 46, 36, 46, 57, 61, 70
metricDPError: 73, 107, 128, 121, 133, 162, 247, 249, 248, 227
metricDPStoreError: 54, 92, 111, 132, 154, 176, 247, 259, 273, 284
metricTTStoreError: 19, 15, 21, 39, 25, 48, 0, 10, 25, 65
