********************************************************************* 
metricRunTimeDP: 10, 15, 10, 30, 10, 10, 10, 12, 10, 10, 13, 11, 10, 10, 14, 10, 10, 10, 16, 10, 10, 10, 10, 10, 10, 10, 10, 28, 23, 10, 25, 10, 10, 25, 23, 17, 10, 10, 10, 10, 10, 25, 10, 10, 10, 16, 10, 10, 10, 10, 10, 10, 17, 24, 10, 12, 10, 10, 9, 17, 10, 10, 10, 9, 10, 16, 11, 28, 10, 11, 10, 10, 17, 10, 10, 10, 27, 10, 10, 10, 10, 10, 10, 10, 10, 10, 10, 10, 26, 10, 10, 10, 10, 10, 9, 17, 10, 25, 21, 9
metricRunTimeDPSort: 0, 0, 0, 0, 0, 0, 0, 0, 0, 0, 0, 0, 0, 0, 0, 0, 0, 0, 0, 0, 0, 0, 0, 0, 0, 0, 0, 0, 0, 0, 0, 0, 0, 0, 0, 0, 0, 0, 0, 0, 0, 0, 0, 0, 0, 0, 0, 0, 0, 0, 0, 0, 0, 0, 0, 0, 0, 0, 0, 0, 0, 0, 0, 0, 0, 0, 0, 0, 0, 0, 0, 0, 0, 0, 0, 0, 0, 0, 0, 0, 0, 0, 0, 0, 0, 0, 0, 0, 0, 0, 0, 0, 0, 0, 0, 0, 0, 0, 0, 0
metricRunTimeDPMerge: 4, 7, 9, 11, 12, 15, 13, 15, 15, 16, 15, 16, 16, 17, 18, 18, 21, 25, 26, 25, 26, 28, 29, 27, 32, 31, 32, 33, 34, 36, 37, 38, 40, 43, 44, 43, 43, 43, 46, 46, 51, 48, 50, 54, 51, 52, 54, 59, 56, 55, 59, 60, 61, 62, 62, 66, 64, 66, 66, 66, 69, 69, 70, 72, 71, 72, 78, 74, 81, 79, 79, 83, 80, 81, 83, 85, 86, 88, 84, 88, 89, 91, 90, 92, 90, 95, 95, 101, 100, 101, 101, 99, 101, 101, 106, 103, 110, 111, 108, 108
metricDPError: 0, 0, 0, 0, 0, 0, 0, 0, 0, 0, 0, 0, 0, 0, 0, 0, 0, 0, 0, 0, 0, 0, 0, 0, 0, 0, 0, 0, 0, 0, 0, 0, 0, 0, 0, 0, 0, 0, 0, 0, 0, 0, 0, 0, 0, 0, 0, 0, 0, 0, 0, 0, 0, 0, 0, 0, 0, 0, 0, 0, 0, 0, 0, 0, 0, 0, 0, 0, 0, 0, 0, 0, 0, 0, 0, 0, 0, 0, 0, 0, 0, 0, 0, 0, 0, 0, 0, 0, 0, 0, 0, 0, 0, 0, 0, 0, 0, 0, 0, 0
metricDPStoreError: 0, 0, 0, 0, 0, 0, 0, 0, 0, 0, 0, 0, 0, 0, 0, 0, 0, 0, 0, 0, 0, 0, 0, 0, 0, 0, 0, 0, 0, 0, 0, 0, 0, 0, 0, 0, 0, 0, 0, 0, 0, 0, 0, 0, 0, 0, 0, 0, 0, 0, 0, 0, 0, 0, 0, 0, 0, 0, 0, 0, 0, 0, 0, 0, 0, 0, 0, 0, 0, 0, 0, 0, 0, 0, 0, 0, 0, 0, 0, 0, 0, 0, 0, 0, 0, 0, 0, 0, 0, 0, 0, 0, 0, 0, 0, 0, 0, 0, 0, 0
metricTTStoreError: 0, 0, 0, 0, 0, 0, 0, 0, 0, 0, 0, 0, 0, 0, 0, 0, 0, 0, 0, 0, 0, 0, 0, 0, 0, 0, 0, 0, 0, 0, 0, 0, 0, 0, 0, 0, 0, 0, 0, 0, 0, 0, 0, 0, 0, 0, 0, 0, 0, 0, 0, 0, 0, 0, 0, 0, 0, 0, 0, 0, 0, 0, 0, 0, 0, 0, 0, 0, 0, 0, 0, 0, 0, 0, 0, 0, 0, 0, 0, 0, 0, 0, 0, 0, 0, 0, 0, 0, 0, 0, 0, 0, 0, 0, 0, 0, 0, 0, 0, 0
********************************************************************* 
metricRunTimeDP: 10, 10, 10, 10, 10, 10, 24, 24, 10, 11, 10, 10, 9, 16, 10, 10, 26, 9, 10, 10, 10, 10, 10, 10, 10, 10, 10, 10, 10, 10, 11, 17, 10, 10, 9, 17, 10, 10, 10, 24, 9, 10, 10, 17, 23, 10, 10, 14, 10, 10, 10, 10, 10, 10, 23, 30, 17, 26, 10, 24, 25, 10, 10, 10, 10, 10, 10, 21, 10, 26, 10, 12, 22, 8, 10, 10, 26, 10, 10, 25, 23, 10, 16, 10, 10, 10, 10, 10, 10, 10, 10, 10, 17, 10, 25, 17, 10, 10, 10, 8
metricRunTimeDPSort: 0, 0, 0, 0, 0, 0, 0, 0, 0, 0, 0, 0, 0, 0, 0, 0, 0, 0, 0, 0, 0, 0, 0, 0, 0, 0, 0, 0, 0, 0, 0, 0, 0, 0, 0, 0, 0, 0, 0, 0, 0, 0, 0, 0, 0, 0, 0, 0, 0, 0, 0, 0, 0, 0, 0, 0, 0, 0, 0, 0, 0, 0, 0, 0, 0, 0, 0, 0, 0, 0, 0, 0, 0, 0, 0, 0, 0, 0, 0, 0, 0, 0, 0, 0, 0, 0, 0, 0, 0, 0, 0, 0, 0, 0, 0, 0, 0, 0, 0, 0
metricRunTimeDPMerge: 4, 8, 8, 11, 12, 15, 12, 15, 15, 18, 15, 18, 18, 22, 17, 20, 20, 25, 26, 26, 25, 28, 28, 29, 35, 36, 33, 33, 33, 36, 37, 36, 42, 42, 43, 44, 44, 46, 50, 46, 48, 52, 49, 52, 50, 55, 56, 56, 58, 57, 58, 59, 61, 62, 62, 66, 64, 65, 67, 68, 70, 70, 72, 69, 71, 73, 78, 77, 80, 76, 78, 84, 80, 85, 82, 85, 86, 85, 84, 88, 92, 93, 95, 93, 95, 96, 97, 97, 102, 98, 103, 101, 98, 100, 107, 104, 110, 112, 108, 111
metricDPError: 0, 0, 0, 0, 0, 0, 0, 0, 0, 0, 0, 0, 0, 0, 0, 0, 0, 0, 0, 0, 0, 0, 0, 0, 0, 0, 0, 0, 0, 0, 0, 0, 0, 0, 0, 0, 0, 0, 0, 0, 0, 0, 0, 0, 0, 0, 0, 0, 0, 0, 0, 0, 0, 0, 0, 0, 0, 0, 0, 0, 0, 0, 0, 0, 0, 0, 0, 0, 0, 0, 0, 0, 0, 0, 0, 0, 0, 0, 0, 0, 0, 0, 0, 0, 0, 0, 0, 0, 0, 0, 0, 0, 0, 0, 0, 0, 0, 0, 0, 0
metricDPStoreError: 0, 0, 0, 0, 0, 0, 0, 0, 0, 0, 0, 0, 0, 0, 0, 0, 0, 0, 0, 0, 0, 0, 0, 0, 0, 0, 0, 0, 0, 0, 0, 0, 0, 0, 0, 0, 0, 0, 0, 0, 0, 0, 0, 0, 0, 0, 0, 0, 0, 0, 0, 0, 0, 0, 0, 0, 0, 0, 0, 0, 0, 0, 0, 0, 0, 0, 0, 0, 0, 0, 0, 0, 0, 0, 0, 0, 0, 0, 0, 0, 0, 0, 0, 0, 0, 0, 0, 0, 0, 0, 0, 0, 0, 0, 0, 0, 0, 0, 0, 0
metricTTStoreError: 0, 0, 0, 0, 0, 0, 0, 0, 0, 0, 0, 0, 0, 0, 0, 0, 0, 0, 0, 0, 0, 0, 0, 0, 0, 0, 0, 0, 0, 0, 0, 0, 0, 0, 0, 0, 0, 0, 0, 0, 0, 0, 0, 0, 0, 0, 0, 0, 0, 0, 0, 0, 0, 0, 0, 0, 0, 0, 0, 0, 0, 0, 0, 0, 0, 0, 0, 0, 0, 0, 0, 0, 0, 0, 0, 0, 0, 0, 0, 0, 0, 0, 0, 0, 0, 0, 0, 0, 0, 0, 0, 0, 0, 0, 0, 0, 0, 0, 0, 0
********************************************************************* 
metricRunTimeDP: 16, 10, 20, 9, 10, 16, 10, 10, 12, 10, 10, 28, 10, 16, 17, 10, 11, 10, 10, 10, 10, 24, 9, 26, 10, 10, 10, 12, 9, 12, 10, 10, 10, 10, 10, 12, 10, 10, 10, 12, 10, 9, 10, 10, 10, 9, 10, 9, 24, 10, 10, 10, 17, 10, 10, 10, 10, 10, 10, 10, 9, 23, 25, 10, 10, 9, 9, 10, 11, 10, 9, 17, 11, 9, 10, 10, 12, 10, 10, 10, 17, 10, 9, 20, 10, 9, 10, 9, 12, 10, 10, 19, 10, 10, 9, 10, 10, 9, 22, 24
metricRunTimeDPSort: 0, 0, 0, 0, 0, 0, 0, 0, 0, 0, 0, 0, 0, 0, 0, 0, 0, 0, 0, 0, 0, 0, 0, 0, 0, 0, 0, 0, 0, 0, 0, 0, 0, 0, 0, 0, 0, 0, 0, 0, 0, 0, 0, 0, 0, 0, 0, 0, 0, 0, 0, 0, 0, 0, 0, 0, 0, 0, 0, 0, 0, 0, 0, 0, 0, 0, 0, 0, 0, 0, 0, 0, 0, 0, 0, 0, 0, 0, 0, 0, 0, 0, 0, 0, 0, 0, 0, 0, 0, 0, 0, 0, 0, 0, 0, 0, 0, 0, 0, 0
metricRunTimeDPMerge: 4, 7, 8, 11, 13, 17, 11, 14, 17, 19, 15, 17, 15, 18, 17, 19, 19, 24, 25, 23, 26, 28, 28, 30, 32, 30, 32, 33, 33, 37, 38, 36, 39, 41, 41, 44, 43, 45, 47, 46, 49, 50, 49, 51, 50, 55, 56, 57, 59, 54, 60, 60, 60, 63, 62, 62, 63, 64, 64, 68, 68, 69, 72, 70, 70, 75, 75, 79, 82, 82, 80, 79, 78, 81, 82, 84, 85, 85, 89, 84, 91, 94, 94, 94, 91, 93, 100, 102, 104, 102, 107, 103, 103, 102, 107, 104, 108, 116, 112, 110
metricDPError: 0, 0, 0, 0, 0, 0, 0, 0, 0, 0, 0, 0, 0, 0, 0, 0, 0, 0, 0, 0, 0, 0, 0, 0, 0, 0, 0, 0, 0, 0, 0, 0, 0, 0, 0, 0, 0, 0, 0, 0, 0, 0, 0, 0, 0, 0, 0, 0, 0, 0, 0, 0, 0, 0, 0, 0, 0, 0, 0, 0, 0, 0, 0, 0, 0, 0, 0, 0, 0, 0, 0, 0, 0, 0, 0, 0, 0, 0, 0, 0, 0, 0, 0, 0, 0, 0, 0, 0, 0, 0, 0, 0, 0, 0, 0, 0, 0, 0, 0, 0
metricDPStoreError: 0, 0, 0, 0, 0, 0, 0, 0, 0, 0, 0, 0, 0, 0, 0, 0, 0, 0, 0, 0, 0, 0, 0, 0, 0, 0, 0, 0, 0, 0, 0, 0, 0, 0, 0, 0, 0, 0, 0, 0, 0, 0, 0, 0, 0, 0, 0, 0, 0, 0, 0, 0, 0, 0, 0, 0, 0, 0, 0, 0, 0, 0, 0, 0, 0, 0, 0, 0, 0, 0, 0, 0, 0, 0, 0, 0, 0, 0, 0, 0, 0, 0, 0, 0, 0, 0, 0, 0, 0, 0, 0, 0, 0, 0, 0, 0, 0, 0, 0, 0
metricTTStoreError: 0, 0, 0, 0, 0, 0, 0, 0, 0, 0, 0, 0, 0, 0, 0, 0, 0, 0, 0, 0, 0, 0, 0, 0, 0, 0, 0, 0, 0, 0, 0, 0, 0, 0, 0, 0, 0, 0, 0, 0, 0, 0, 0, 0, 0, 0, 0, 0, 0, 0, 0, 0, 0, 0, 0, 0, 0, 0, 0, 0, 0, 0, 0, 0, 0, 0, 0, 0, 0, 0, 0, 0, 0, 0, 0, 0, 0, 0, 0, 0, 0, 0, 0, 0, 0, 0, 0, 0, 0, 0, 0, 0, 0, 0, 0, 0, 0, 0, 0, 0
********************************************************************* 
metricRunTimeDP: 10, 27, 10, 10, 10, 11, 10, 24, 10, 16, 10, 16, 10, 10, 10, 10, 10, 10, 10, 17, 10, 10, 10, 10, 10, 10, 10, 12, 10, 10, 16, 10, 10, 27, 10, 10, 10, 17, 10, 10, 10, 14, 9, 12, 10, 9, 10, 10, 12, 10, 10, 10, 10, 10, 10, 8, 10, 10, 10, 10, 16, 9, 13, 10, 10, 9, 10, 10, 9, 10, 9, 9, 10, 10, 10, 10, 17, 10, 9, 10, 10, 10, 11, 10, 10, 9, 10, 9, 10, 10, 16, 10, 10, 16, 10, 12, 10, 9, 10, 16
metricRunTimeDPSort: 0, 0, 0, 0, 0, 0, 0, 0, 0, 0, 0, 0, 0, 0, 0, 0, 0, 0, 0, 0, 0, 0, 0, 0, 0, 0, 0, 0, 0, 0, 0, 0, 0, 0, 0, 0, 0, 0, 0, 0, 0, 0, 0, 0, 0, 0, 0, 0, 0, 0, 0, 0, 0, 0, 0, 0, 0, 0, 0, 0, 0, 0, 0, 0, 0, 0, 0, 0, 0, 0, 0, 0, 0, 0, 0, 0, 0, 0, 0, 0, 0, 0, 0, 0, 0, 0, 0, 0, 0, 0, 0, 0, 0, 0, 0, 0, 0, 0, 0, 0
metricRunTimeDPMerge: 4, 7, 8, 10, 12, 16, 11, 14, 17, 19, 14, 17, 15, 16, 17, 18, 21, 23, 26, 28, 26, 27, 25, 26, 31, 32, 32, 30, 31, 36, 37, 35, 40, 41, 43, 42, 43, 47, 47, 48, 48, 50, 50, 54, 55, 53, 56, 56, 55, 52, 58, 55, 58, 61, 61, 66, 64, 61, 62, 65, 66, 69, 74, 73, 71, 73, 81, 75, 79, 79, 77, 83, 80, 81, 83, 86, 84, 90, 87, 90, 88, 92, 93, 92, 95, 100, 96, 100, 100, 102, 107, 99, 100, 100, 105, 103, 109, 115, 110, 112
metricDPError: 0, 0, 0, 0, 0, 0, 0, 0, 0, 0, 0, 0, 0, 0, 0, 0, 0, 0, 0, 0, 0, 0, 0, 0, 0, 0, 0, 0, 0, 0, 0, 0, 0, 0, 0, 0, 0, 0, 0, 0, 0, 0, 0, 0, 0, 0, 0, 0, 0, 0, 0, 0, 0, 0, 0, 0, 0, 0, 0, 0, 0, 0, 0, 0, 0, 0, 0, 0, 0, 0, 0, 0, 0, 0, 0, 0, 0, 0, 0, 0, 0, 0, 0, 0, 0, 0, 0, 0, 0, 0, 0, 0, 0, 0, 0, 0, 0, 0, 0, 0
metricDPStoreError: 0, 0, 0, 0, 0, 0, 0, 0, 0, 0, 0, 0, 0, 0, 0, 0, 0, 0, 0, 0, 0, 0, 0, 0, 0, 0, 0, 0, 0, 0, 0, 0, 0, 0, 0, 0, 0, 0, 0, 0, 0, 0, 0, 0, 0, 0, 0, 0, 0, 0, 0, 0, 0, 0, 0, 0, 0, 0, 0, 0, 0, 0, 0, 0, 0, 0, 0, 0, 0, 0, 0, 0, 0, 0, 0, 0, 0, 0, 0, 0, 0, 0, 0, 0, 0, 0, 0, 0, 0, 0, 0, 0, 0, 0, 0, 0, 0, 0, 0, 0
metricTTStoreError: 0, 0, 0, 0, 0, 0, 0, 0, 0, 0, 0, 0, 0, 0, 0, 0, 0, 0, 0, 0, 0, 0, 0, 0, 0, 0, 0, 0, 0, 0, 0, 0, 0, 0, 0, 0, 0, 0, 0, 0, 0, 0, 0, 0, 0, 0, 0, 0, 0, 0, 0, 0, 0, 0, 0, 0, 0, 0, 0, 0, 0, 0, 0, 0, 0, 0, 0, 0, 0, 0, 0, 0, 0, 0, 0, 0, 0, 0, 0, 0, 0, 0, 0, 0, 0, 0, 0, 0, 0, 0, 0, 0, 0, 0, 0, 0, 0, 0, 0, 0
********************************************************************* 
metricRunTimeDP: 10, 17, 26, 10, 16, 10, 10, 10, 16, 16, 16, 24, 10, 9, 10, 10, 16, 10, 10, 41, 10, 9, 16, 10, 9, 10, 11, 10, 10, 10, 10, 21, 10, 10, 24, 12, 10, 10, 10, 26, 25, 10, 26, 12, 10, 10, 16, 12, 10, 17, 10, 10, 10, 9, 10, 12, 29, 10, 10, 10, 12, 10, 10, 10, 12, 10, 9, 25, 10, 26, 25, 9, 10, 10, 10, 17, 10, 10, 10, 10, 10, 10, 10, 14, 10, 8, 9, 9, 10, 10, 20, 10, 10, 10, 10, 10, 10, 25, 10, 10
metricRunTimeDPSort: 0, 0, 0, 0, 0, 0, 0, 0, 0, 0, 0, 0, 0, 0, 0, 0, 0, 0, 0, 0, 0, 0, 0, 0, 0, 0, 0, 0, 0, 0, 0, 0, 0, 0, 0, 0, 0, 0, 0, 0, 0, 0, 0, 0, 0, 0, 0, 0, 0, 0, 0, 0, 0, 0, 0, 0, 0, 0, 0, 0, 0, 0, 0, 0, 0, 0, 0, 0, 0, 0, 0, 0, 0, 0, 0, 0, 0, 0, 0, 0, 0, 0, 0, 0, 0, 0, 0, 0, 0, 0, 0, 0, 0, 0, 0, 0, 0, 0, 0, 0
metricRunTimeDPMerge: 4, 8, 9, 10, 16, 15, 11, 14, 14, 15, 15, 21, 16, 18, 17, 19, 21, 23, 24, 25, 25, 28, 31, 28, 32, 30, 35, 33, 33, 33, 37, 35, 39, 41, 43, 45, 43, 48, 46, 48, 50, 52, 51, 51, 52, 53, 56, 58, 56, 57, 60, 56, 59, 62, 59, 63, 65, 64, 62, 68, 68, 69, 73, 71, 70, 77, 79, 78, 79, 76, 79, 81, 79, 80, 81, 86, 86, 89, 88, 88, 88, 93, 94, 89, 93, 97, 98, 101, 104, 102, 105, 102, 101, 103, 106, 104, 109, 114, 109, 112
metricDPError: 0, 0, 0, 0, 0, 0, 0, 0, 0, 0, 0, 0, 0, 0, 0, 0, 0, 0, 0, 0, 0, 0, 0, 0, 0, 0, 0, 0, 0, 0, 0, 0, 0, 0, 0, 0, 0, 0, 0, 0, 0, 0, 0, 0, 0, 0, 0, 0, 0, 0, 0, 0, 0, 0, 0, 0, 0, 0, 0, 0, 0, 0, 0, 0, 0, 0, 0, 0, 0, 0, 0, 0, 0, 0, 0, 0, 0, 0, 0, 0, 0, 0, 0, 0, 0, 0, 0, 0, 0, 0, 0, 0, 0, 0, 0, 0, 0, 0, 0, 0
metricDPStoreError: 0, 0, 0, 0, 0, 0, 0, 0, 0, 0, 0, 0, 0, 0, 0, 0, 0, 0, 0, 0, 0, 0, 0, 0, 0, 0, 0, 0, 0, 0, 0, 0, 0, 0, 0, 0, 0, 0, 0, 0, 0, 0, 0, 0, 0, 0, 0, 0, 0, 0, 0, 0, 0, 0, 0, 0, 0, 0, 0, 0, 0, 0, 0, 0, 0, 0, 0, 0, 0, 0, 0, 0, 0, 0, 0, 0, 0, 0, 0, 0, 0, 0, 0, 0, 0, 0, 0, 0, 0, 0, 0, 0, 0, 0, 0, 0, 0, 0, 0, 0
metricTTStoreError: 0, 0, 0, 0, 0, 0, 0, 0, 0, 0, 0, 0, 0, 0, 0, 0, 0, 0, 0, 0, 0, 0, 0, 0, 0, 0, 0, 0, 0, 0, 0, 0, 0, 0, 0, 0, 0, 0, 0, 0, 0, 0, 0, 0, 0, 0, 0, 0, 0, 0, 0, 0, 0, 0, 0, 0, 0, 0, 0, 0, 0, 0, 0, 0, 0, 0, 0, 0, 0, 0, 0, 0, 0, 0, 0, 0, 0, 0, 0, 0, 0, 0, 0, 0, 0, 0, 0, 0, 0, 0, 0, 0, 0, 0, 0, 0, 0, 0, 0, 0
