********************************************************************* 
metricRunTimeDP: 1383, 1355, 1415, 1343, 1195, 1480, 1369, 1459, 1328, 1314
metricRunTimeDPSort: 44, 45, 45, 44, 44, 44, 45, 45, 45, 44
metricRunTimeDPMerge: 34, 135, 232, 345, 345, 487, 589, 658, 770, 835
metricDPError: 0, 0, 0, 0, 0, 0, 0, 0, 0, 0
metricDPStoreError: 0, 0, 0, 0, 0, 0, 0, 0, 0, 0
metricTTStoreError: 0, 0, 0, 0, 0, 0, 0, 0, 0, 0
********************************************************************* 
metricRunTimeDP: 1463, 1395, 1361, 1404, 1488, 1368, 1475, 1331, 1196, 1341
metricRunTimeDPSort: 45, 45, 45, 44, 44, 45, 44, 45, 45, 45
metricRunTimeDPMerge: 37, 138, 236, 349, 342, 490, 587, 694, 742, 844
metricDPError: 0, 0, 0, 0, 0, 0, 0, 0, 0, 0
metricDPStoreError: 0, 0, 0, 0, 0, 0, 0, 0, 0, 0
metricTTStoreError: 0, 0, 0, 0, 0, 0, 0, 0, 0, 0
********************************************************************* 
metricRunTimeDP: 1489, 1489, 1412, 1475, 1350, 1237, 1440, 1341, 1368, 1437
metricRunTimeDPSort: 45, 44, 44, 44, 45, 45, 43, 45, 44, 45
metricRunTimeDPMerge: 35, 131, 240, 347, 343, 472, 584, 685, 741, 852
metricDPError: 0, 0, 0, 0, 0, 0, 0, 0, 0, 0
metricDPStoreError: 0, 0, 0, 0, 0, 0, 0, 0, 0, 0
metricTTStoreError: 0, 0, 0, 0, 0, 0, 0, 0, 0, 0
********************************************************************* 
metricRunTimeDP: 1298, 1291, 1416, 1433, 1438, 1313, 1410, 1461, 1367, 1425
metricRunTimeDPSort: 46, 45, 44, 46, 45, 45, 45, 45, 44, 45
metricRunTimeDPMerge: 35, 135, 232, 348, 339, 472, 574, 657, 746, 849
metricDPError: 0, 0, 0, 0, 0, 0, 0, 0, 0, 0
metricDPStoreError: 0, 0, 0, 0, 0, 0, 0, 0, 0, 0
metricTTStoreError: 0, 0, 0, 0, 0, 0, 0, 0, 0, 0
********************************************************************* 
metricRunTimeDP: 1350, 1359, 1187, 1402, 1420, 1318, 1503, 1345, 1465, 1438
metricRunTimeDPSort: 44, 45, 45, 44, 44, 44, 45, 46, 44, 45
metricRunTimeDPMerge: 37, 140, 237, 355, 325, 474, 571, 682, 746, 827
metricDPError: 0, 0, 0, 0, 0, 0, 0, 0, 0, 0
metricDPStoreError: 0, 0, 0, 0, 0, 0, 0, 0, 0, 0
metricTTStoreError: 0, 0, 0, 0, 0, 0, 0, 0, 0, 0
********************************************************************* 
metricRunTimeDP: 1466, 1387, 1309, 1378, 1460, 1330, 1423, 1409, 1290, 1382
metricRunTimeDPSort: 45, 45, 45, 45, 45, 45, 45, 45, 44, 44
metricRunTimeDPMerge: 36, 135, 237, 354, 327, 478, 574, 688, 747, 855
metricDPError: 0, 0, 0, 0, 0, 0, 0, 0, 0, 0
metricDPStoreError: 0, 0, 0, 0, 0, 0, 0, 0, 0, 0
metricTTStoreError: 0, 0, 0, 0, 0, 0, 0, 0, 0, 0
