********************************************************************* 
metricRunTimeDP: 1503, 1419, 1412, 1440, 1211, 1417, 1214, 1415, 1260, 1430
metricRunTimeDPSort: 44, 45, 45, 45, 46, 46, 45, 46, 46, 45
metricRunTimeDPMerge: 44, 107, 253, 382, 315, 491, 575, 662, 16752, 833
metricDPError: 3, 7, 8, 11, 14, 18, 16, 14, 16, 17
metricDPStoreError: 2, 4, 5, 10, 12, 15, 15, 15, 15, 16
metricTTStoreError: 1, 3, 3, 7, 8, 9, 15, 11, 13, 13
********************************************************************* 
metricRunTimeDP: 1480, 1542, 1449, 1444, 1335, 1435, 1485, 1394, 1406, 1417
metricRunTimeDPSort: 46, 45, 44, 46, 45, 46, 45, 45, 45, 46
metricRunTimeDPMerge: 39, 104, 248, 386, 308, 467, 575, 681, 713, 823
metricDPError: 1, 2, 8, 12, 11, 12, 15, 15, 12, 11
metricDPStoreError: 1, 2, 8, 11, 12, 13, 16, 16, 16, 16
metricTTStoreError: 0, 0, 0, 1, 1, 3, 3, 1, 4, 5
********************************************************************* 
metricRunTimeDP: 1396, 1368, 1431, 1396, 1381, 1500, 1431, 1488, 1465, 1486
metricRunTimeDPSort: 44, 44, 46, 45, 44, 45, 47, 45, 45, 46
metricRunTimeDPMerge: 38, 103, 261, 428, 385, 418, 516, 592, 740, 830
metricDPError: 1, 4, 11, 14, 18, 18, 24, 17, 19, 20
metricDPStoreError: 0, 3, 5, 5, 6, 6, 6, 6, 6, 6
metricTTStoreError: 1, 1, 6, 9, 12, 12, 18, 13, 15, 14
********************************************************************* 
metricRunTimeDP: 1441, 1450, 1415, 1370, 1496, 1223, 1371, 1369, 1492, 1430
metricRunTimeDPSort: 45, 46, 44, 44, 45, 45, 44, 46, 47, 45
metricRunTimeDPMerge: 39, 105, 257, 390, 310, 474, 582, 16654, 738, 16841
metricDPError: 1, 6, 7, 11, 18, 22, 26, 20, 23, 24
metricDPStoreError: 0, 5, 8, 12, 18, 24, 27, 28, 31, 32
metricTTStoreError: 1, 1, 1, 1, 0, 2, 1, 8, 8, 8
********************************************************************* 
metricRunTimeDP: 1482, 1496, 1522, 1213, 1435, 1255, 1439, 1391, 1358, 1503
metricRunTimeDPSort: 46, 45, 46, 45, 45, 45, 44, 45, 46, 45
metricRunTimeDPMerge: 43, 103, 255, 355, 375, 476, 566, 650, 761, 815
metricDPError: 5, 6, 9, 13, 13, 14, 19, 22, 20, 22
metricDPStoreError: 2, 2, 5, 5, 5, 9, 13, 14, 17, 19
metricTTStoreError: 3, 8, 8, 12, 10, 5, 6, 8, 3, 3
********************************************************************* 
metricRunTimeDP: 1471, 1391, 1395, 1415, 1523, 1348, 1432, 1347, 1383, 1415
metricRunTimeDPSort: 44, 44, 46, 44, 46, 44, 45, 47, 45, 46
metricRunTimeDPMerge: 39, 110, 16256, 380, 388, 495, 580, 665, 16756, 809
metricDPError: 7, 5, 6, 7, 7, 6, 7, 6, 10, 10
metricDPStoreError: 1, 3, 3, 4, 4, 6, 7, 7, 11, 11
metricTTStoreError: 6, 4, 5, 5, 5, 2, 2, 3, 1, 1
