********************************************************************* 
metricRunTimeDP: 154, 160, 135, 128, 142, 139, 131, 128, 128, 165, 155, 140, 130, 115, 178, 144, 140, 134, 97, 127, 135, 112, 163, 94, 109, 106, 152, 141, 150, 120, 117, 127, 100, 128, 136, 127, 170, 115, 142, 157, 141, 148, 155, 143, 100, 126, 156, 153, 141, 129, 115, 116, 140, 116, 114, 138, 142, 157, 128, 132, 148, 158, 149, 132, 172, 164, 124, 171, 157, 143, 156, 158, 135, 156, 140, 130, 140, 139, 124, 148, 149, 145, 136, 155, 155, 158, 136, 147, 138, 129, 153, 150, 130, 145, 159, 157, 128, 126, 156, 161
metricRunTimeDPSort: 2, 2, 2, 2, 2, 2, 2, 2, 2, 2, 2, 2, 2, 2, 2, 2, 2, 2, 2, 2, 2, 2, 2, 2, 2, 2, 2, 2, 2, 2, 2, 2, 2, 2, 2, 2, 2, 2, 2, 2, 2, 3, 2, 2, 2, 2, 2, 2, 2, 2, 2, 2, 2, 2, 2, 2, 2, 2, 2, 2, 2, 2, 2, 2, 2, 2, 2, 2, 2, 2, 2, 2, 2, 2, 2, 2, 2, 2, 2, 2, 2, 2, 2, 2, 2, 2, 2, 2, 2, 2, 2, 2, 2, 2, 2, 3, 2, 2, 2, 2
metricRunTimeDPMerge: 8, 23, 38, 40, 34, 51, 58, 75, 80, 88, 95, 110, 118, 123, 130, 145, 148, 162, 165, 166, 177, 189, 191, 203, 212, 222, 234, 231, 254, 250, 265, 279, 291, 303, 314, 317, 320, 344, 354, 370, 379, 363, 388, 411, 420, 419, 433, 447, 457, 465, 478, 480, 474, 500, 510, 531, 531, 529, 551, 556, 564, 564, 585, 595, 588, 592, 581, 631, 643, 829, 659, 654, 678, 690, 689, 691, 711, 719, 689, 739, 745, 762, 764, 768, 787, 797, 805, 791, 807, 826, 842, 858, 861, 862, 856, 891, 901, 915, 920, 937
metricDPError: 0, 0, 0, 0, 0, 0, 0, 0, 0, 0, 0, 0, 0, 0, 0, 0, 0, 0, 0, 0, 0, 0, 0, 0, 0, 0, 0, 0, 0, 0, 0, 0, 0, 0, 0, 0, 0, 0, 0, 0, 0, 0, 0, 0, 0, 0, 0, 0, 0, 0, 0, 0, 0, 0, 0, 0, 0, 0, 0, 0, 0, 0, 0, 0, 0, 0, 0, 0, 0, 0, 0, 0, 0, 0, 0, 0, 0, 0, 0, 0, 0, 0, 0, 0, 0, 0, 0, 0, 0, 0, 0, 0, 0, 0, 0, 0, 0, 0, 0, 0
metricDPStoreError: 0, 0, 0, 0, 0, 0, 0, 0, 0, 0, 0, 0, 0, 0, 0, 0, 0, 0, 0, 0, 0, 0, 0, 0, 0, 0, 0, 0, 0, 0, 0, 0, 0, 0, 0, 0, 0, 0, 0, 0, 0, 0, 0, 0, 0, 0, 0, 0, 0, 0, 0, 0, 0, 0, 0, 0, 0, 0, 0, 0, 0, 0, 0, 0, 0, 0, 0, 0, 0, 0, 0, 0, 0, 0, 0, 0, 0, 0, 0, 0, 0, 0, 0, 0, 0, 0, 0, 0, 0, 0, 0, 0, 0, 0, 0, 0, 0, 0, 0, 0
metricTTStoreError: 0, 0, 0, 0, 0, 0, 0, 0, 0, 0, 0, 0, 0, 0, 0, 0, 0, 0, 0, 0, 0, 0, 0, 0, 0, 0, 0, 0, 0, 0, 0, 0, 0, 0, 0, 0, 0, 0, 0, 0, 0, 0, 0, 0, 0, 0, 0, 0, 0, 0, 0, 0, 0, 0, 0, 0, 0, 0, 0, 0, 0, 0, 0, 0, 0, 0, 0, 0, 0, 0, 0, 0, 0, 0, 0, 0, 0, 0, 0, 0, 0, 0, 0, 0, 0, 0, 0, 0, 0, 0, 0, 0, 0, 0, 0, 0, 0, 0, 0, 0
********************************************************************* 
metricRunTimeDP: 129, 149, 130, 115, 147, 147, 114, 163, 147, 141, 136, 130, 133, 113, 140, 148, 146, 122, 140, 161, 135, 119, 134, 149, 142, 115, 161, 159, 139, 163, 155, 143, 138, 98, 141, 155, 140, 142, 157, 125, 150, 164, 140, 180, 160, 155, 136, 156, 160, 167, 158, 156, 167, 164, 132, 126, 172, 170, 155, 152, 157, 142, 154, 163, 155, 120, 167, 156, 163, 147, 128, 166, 167, 144, 168, 157, 153, 164, 116, 154, 181, 144, 177, 154, 137, 154, 165, 140, 154, 166, 169, 155, 139, 146, 105, 142, 146, 110, 135, 137
metricRunTimeDPSort: 3, 2, 3, 2, 2, 2, 2, 2, 2, 3, 2, 2, 3, 2, 2, 2, 2, 2, 2, 2, 2, 3, 3, 2, 2, 2, 2, 3, 2, 3, 3, 2, 2, 2, 2, 2, 2, 2, 2, 2, 2, 2, 2, 2, 2, 2, 2, 3, 2, 2, 2, 3, 2, 2, 2, 2, 2, 2, 2, 2, 3, 2, 2, 2, 2, 2, 3, 2, 2, 2, 2, 3, 3, 2, 2, 3, 2, 2, 2, 2, 3, 3, 2, 2, 3, 2, 2, 2, 2, 3, 2, 2, 2, 2, 2, 2, 2, 2, 2, 2
metricRunTimeDPMerge: 9, 25, 37, 43, 35, 50, 57, 73, 79, 88, 99, 106, 119, 123, 135, 144, 151, 161, 162, 174, 179, 197, 196, 212, 218, 228, 247, 234, 256, 264, 274, 286, 274, 309, 311, 319, 333, 354, 366, 377, 379, 385, 387, 400, 408, 430, 422, 441, 455, 457, 473, 480, 483, 487, 510, 523, 534, 525, 552, 551, 560, 564, 582, 605, 615, 623, 623, 645, 652, 655, 667, 676, 688, 682, 700, 712, 710, 724, 737, 742, 744, 759, 777, 791, 836, 812, 832, 832, 837, 845, 862, 861, 872, 879, 902, 912, 904, 923, 930, 891
metricDPError: 0, 0, 0, 0, 0, 0, 0, 0, 0, 0, 0, 0, 0, 0, 0, 0, 0, 0, 0, 0, 0, 0, 0, 0, 0, 0, 0, 0, 0, 0, 0, 0, 0, 0, 0, 0, 0, 0, 0, 0, 0, 0, 0, 0, 0, 0, 0, 0, 0, 0, 0, 0, 0, 0, 0, 0, 0, 0, 0, 0, 0, 0, 0, 0, 0, 0, 0, 0, 0, 0, 0, 0, 0, 0, 0, 0, 0, 0, 0, 0, 0, 0, 0, 0, 0, 0, 0, 0, 0, 0, 0, 0, 0, 0, 0, 0, 0, 0, 0, 0
metricDPStoreError: 0, 0, 0, 0, 0, 0, 0, 0, 0, 0, 0, 0, 0, 0, 0, 0, 0, 0, 0, 0, 0, 0, 0, 0, 0, 0, 0, 0, 0, 0, 0, 0, 0, 0, 0, 0, 0, 0, 0, 0, 0, 0, 0, 0, 0, 0, 0, 0, 0, 0, 0, 0, 0, 0, 0, 0, 0, 0, 0, 0, 0, 0, 0, 0, 0, 0, 0, 0, 0, 0, 0, 0, 0, 0, 0, 0, 0, 0, 0, 0, 0, 0, 0, 0, 0, 0, 0, 0, 0, 0, 0, 0, 0, 0, 0, 0, 0, 0, 0, 0
metricTTStoreError: 0, 0, 0, 0, 0, 0, 0, 0, 0, 0, 0, 0, 0, 0, 0, 0, 0, 0, 0, 0, 0, 0, 0, 0, 0, 0, 0, 0, 0, 0, 0, 0, 0, 0, 0, 0, 0, 0, 0, 0, 0, 0, 0, 0, 0, 0, 0, 0, 0, 0, 0, 0, 0, 0, 0, 0, 0, 0, 0, 0, 0, 0, 0, 0, 0, 0, 0, 0, 0, 0, 0, 0, 0, 0, 0, 0, 0, 0, 0, 0, 0, 0, 0, 0, 0, 0, 0, 0, 0, 0, 0, 0, 0, 0, 0, 0, 0, 0, 0, 0
********************************************************************* 
metricRunTimeDP: 176, 155, 115, 128, 125, 178, 151, 100, 172, 123, 173, 143, 154, 156, 101, 141, 116, 162, 130, 141, 139, 139, 126, 158, 123, 139, 171, 133, 153, 166, 149, 146, 147, 144, 164, 130, 152, 134, 160, 150, 137, 158, 141, 160, 163, 126, 145, 138, 127, 142, 157, 145, 165, 178, 146, 152, 125, 153, 127, 180, 177, 142, 117, 182, 161, 158, 154, 142, 129, 127, 138, 157, 151, 116, 177, 156, 143, 172, 166, 157, 146, 153, 162, 155, 148, 139, 130, 137, 126, 153, 142, 161, 162, 152, 150, 154, 127, 145, 154, 139
metricRunTimeDPSort: 2, 2, 2, 2, 2, 2, 2, 3, 2, 2, 3, 2, 2, 2, 2, 2, 2, 2, 2, 2, 3, 2, 2, 2, 2, 2, 2, 2, 2, 2, 2, 2, 2, 2, 2, 2, 2, 2, 2, 2, 2, 2, 2, 2, 3, 2, 2, 2, 2, 2, 2, 2, 2, 2, 2, 2, 2, 2, 2, 3, 2, 2, 2, 2, 2, 2, 2, 2, 2, 3, 2, 2, 2, 2, 3, 2, 2, 2, 2, 3, 2, 2, 2, 2, 3, 2, 2, 3, 2, 2, 2, 3, 2, 2, 2, 2, 2, 2, 2, 2
metricRunTimeDPMerge: 9, 27, 38, 42, 34, 52, 57, 74, 79, 88, 97, 109, 119, 122, 127, 139, 150, 161, 165, 164, 179, 187, 199, 208, 219, 223, 235, 247, 245, 256, 270, 285, 292, 297, 303, 320, 327, 342, 360, 369, 377, 389, 397, 401, 417, 431, 433, 446, 454, 458, 464, 471, 485, 501, 509, 521, 527, 523, 544, 558, 570, 570, 591, 587, 596, 603, 610, 629, 638, 634, 644, 672, 674, 667, 693, 704, 717, 723, 731, 740, 748, 765, 773, 787, 833, 788, 828, 834, 836, 840, 854, 861, 873, 865, 876, 906, 918, 924, 935, 931
metricDPError: 0, 0, 0, 0, 0, 0, 0, 0, 0, 0, 0, 0, 0, 0, 0, 0, 0, 0, 0, 0, 0, 0, 0, 0, 0, 0, 0, 0, 0, 0, 0, 0, 0, 0, 0, 0, 0, 0, 0, 0, 0, 0, 0, 0, 0, 0, 0, 0, 0, 0, 0, 0, 0, 0, 0, 0, 0, 0, 0, 0, 0, 0, 0, 0, 0, 0, 0, 0, 0, 0, 0, 0, 0, 0, 0, 0, 0, 0, 0, 0, 0, 0, 0, 0, 0, 0, 0, 0, 0, 0, 0, 0, 0, 0, 0, 0, 0, 0, 0, 0
metricDPStoreError: 0, 0, 0, 0, 0, 0, 0, 0, 0, 0, 0, 0, 0, 0, 0, 0, 0, 0, 0, 0, 0, 0, 0, 0, 0, 0, 0, 0, 0, 0, 0, 0, 0, 0, 0, 0, 0, 0, 0, 0, 0, 0, 0, 0, 0, 0, 0, 0, 0, 0, 0, 0, 0, 0, 0, 0, 0, 0, 0, 0, 0, 0, 0, 0, 0, 0, 0, 0, 0, 0, 0, 0, 0, 0, 0, 0, 0, 0, 0, 0, 0, 0, 0, 0, 0, 0, 0, 0, 0, 0, 0, 0, 0, 0, 0, 0, 0, 0, 0, 0
metricTTStoreError: 0, 0, 0, 0, 0, 0, 0, 0, 0, 0, 0, 0, 0, 0, 0, 0, 0, 0, 0, 0, 0, 0, 0, 0, 0, 0, 0, 0, 0, 0, 0, 0, 0, 0, 0, 0, 0, 0, 0, 0, 0, 0, 0, 0, 0, 0, 0, 0, 0, 0, 0, 0, 0, 0, 0, 0, 0, 0, 0, 0, 0, 0, 0, 0, 0, 0, 0, 0, 0, 0, 0, 0, 0, 0, 0, 0, 0, 0, 0, 0, 0, 0, 0, 0, 0, 0, 0, 0, 0, 0, 0, 0, 0, 0, 0, 0, 0, 0, 0, 0
********************************************************************* 
metricRunTimeDP: 132, 161, 140, 133, 149, 114, 119, 135, 173, 130, 151, 129, 163, 155, 135, 146, 129, 144, 115, 129, 123, 145, 134, 158, 154, 153, 160, 146, 124, 189, 151, 101, 145, 128, 147, 134, 162, 141, 135, 176, 149, 161, 160, 145, 142, 154, 128, 144, 161, 136, 143, 127, 162, 145, 150, 152, 136, 151, 150, 99, 140, 176, 164, 145, 143, 152, 168, 152, 148, 150, 159, 126, 215, 129, 117, 154, 155, 127, 142, 168, 147, 154, 148, 152, 136, 159, 135, 166, 154, 134, 152, 156, 159, 136, 155, 139, 141, 140, 166, 152
metricRunTimeDPSort: 2, 2, 2, 2, 2, 2, 2, 2, 2, 2, 2, 2, 3, 2, 2, 2, 2, 2, 2, 2, 2, 3, 2, 3, 2, 3, 3, 2, 2, 2, 2, 2, 2, 2, 2, 2, 2, 2, 2, 2, 2, 2, 2, 2, 2, 3, 3, 2, 2, 2, 2, 2, 3, 3, 2, 2, 2, 2, 2, 2, 2, 3, 2, 2, 2, 2, 2, 2, 2, 2, 2, 2, 3, 3, 2, 3, 2, 2, 2, 2, 2, 2, 2, 3, 3, 3, 2, 2, 2, 2, 2, 2, 2, 2, 2, 3, 2, 2, 2, 2
metricRunTimeDPMerge: 9, 26, 36, 41, 33, 49, 55, 71, 79, 92, 100, 108, 116, 122, 130, 143, 150, 161, 164, 171, 189, 191, 204, 210, 211, 222, 239, 239, 258, 263, 270, 286, 287, 293, 307, 306, 323, 355, 360, 351, 367, 376, 385, 408, 414, 436, 435, 433, 444, 451, 481, 485, 487, 508, 517, 526, 534, 530, 534, 525, 551, 578, 585, 599, 598, 615, 615, 629, 645, 647, 666, 651, 674, 693, 720, 700, 721, 730, 746, 747, 756, 773, 786, 818, 857, 812, 798, 831, 833, 839, 855, 859, 865, 859, 880, 905, 904, 923, 928, 932
metricDPError: 0, 0, 0, 0, 0, 0, 0, 0, 0, 0, 0, 0, 0, 0, 0, 0, 0, 0, 0, 0, 0, 0, 0, 0, 0, 0, 0, 0, 0, 0, 0, 0, 0, 0, 0, 0, 0, 0, 0, 0, 0, 0, 0, 0, 0, 0, 0, 0, 0, 0, 0, 0, 0, 0, 0, 0, 0, 0, 0, 0, 0, 0, 0, 0, 0, 0, 0, 0, 0, 0, 0, 0, 0, 0, 0, 0, 0, 0, 0, 0, 0, 0, 0, 0, 0, 0, 0, 0, 0, 0, 0, 0, 0, 0, 0, 0, 0, 0, 0, 0
metricDPStoreError: 0, 0, 0, 0, 0, 0, 0, 0, 0, 0, 0, 0, 0, 0, 0, 0, 0, 0, 0, 0, 0, 0, 0, 0, 0, 0, 0, 0, 0, 0, 0, 0, 0, 0, 0, 0, 0, 0, 0, 0, 0, 0, 0, 0, 0, 0, 0, 0, 0, 0, 0, 0, 0, 0, 0, 0, 0, 0, 0, 0, 0, 0, 0, 0, 0, 0, 0, 0, 0, 0, 0, 0, 0, 0, 0, 0, 0, 0, 0, 0, 0, 0, 0, 0, 0, 0, 0, 0, 0, 0, 0, 0, 0, 0, 0, 0, 0, 0, 0, 0
metricTTStoreError: 0, 0, 0, 0, 0, 0, 0, 0, 0, 0, 0, 0, 0, 0, 0, 0, 0, 0, 0, 0, 0, 0, 0, 0, 0, 0, 0, 0, 0, 0, 0, 0, 0, 0, 0, 0, 0, 0, 0, 0, 0, 0, 0, 0, 0, 0, 0, 0, 0, 0, 0, 0, 0, 0, 0, 0, 0, 0, 0, 0, 0, 0, 0, 0, 0, 0, 0, 0, 0, 0, 0, 0, 0, 0, 0, 0, 0, 0, 0, 0, 0, 0, 0, 0, 0, 0, 0, 0, 0, 0, 0, 0, 0, 0, 0, 0, 0, 0, 0, 0
********************************************************************* 
metricRunTimeDP: 101, 147, 128, 176, 130, 115, 158, 146, 128, 162, 153, 100, 116, 108, 116, 114, 124, 160, 115, 129, 155, 153, 113, 151, 154, 157, 167, 158, 147, 147, 131, 121, 133, 127, 157, 156, 155, 154, 145, 137, 153, 125, 130, 149, 154, 140, 150, 151, 142, 124, 138, 145, 180, 182, 130, 144, 149, 100, 125, 162, 116, 122, 143, 154, 127, 143, 147, 141, 157, 153, 114, 151, 172, 139, 136, 141, 160, 143, 156, 163, 156, 150, 150, 147, 275, 161, 145, 138, 101, 141, 146, 151, 140, 119, 128, 139, 151, 124, 155, 154
metricRunTimeDPSort: 2, 3, 2, 2, 2, 2, 2, 2, 2, 2, 2, 2, 2, 2, 2, 2, 3, 2, 2, 2, 3, 2, 2, 2, 2, 2, 2, 2, 3, 2, 2, 2, 2, 3, 2, 2, 2, 2, 2, 2, 3, 2, 2, 2, 2, 2, 2, 2, 2, 2, 2, 2, 2, 2, 2, 2, 2, 2, 2, 2, 2, 2, 2, 2, 3, 2, 2, 2, 2, 2, 2, 2, 2, 2, 2, 2, 2, 2, 2, 2, 2, 3, 2, 2, 4, 2, 2, 2, 2, 2, 2, 2, 2, 2, 2, 2, 3, 3, 2, 2
metricRunTimeDPMerge: 9, 25, 37, 42, 34, 54, 58, 78, 83, 96, 99, 110, 114, 123, 132, 146, 152, 161, 166, 169, 188, 194, 191, 211, 218, 227, 231, 244, 258, 262, 263, 276, 284, 303, 303, 316, 329, 344, 362, 371, 380, 388, 399, 409, 404, 428, 435, 444, 445, 473, 458, 480, 485, 505, 508, 523, 527, 545, 529, 565, 564, 574, 564, 576, 602, 616, 599, 625, 643, 640, 636, 676, 673, 693, 697, 701, 713, 719, 718, 737, 747, 761, 790, 773, 851, 817, 836, 844, 847, 832, 838, 873, 880, 891, 890, 895, 896, 925, 930, 937
metricDPError: 0, 0, 0, 0, 0, 0, 0, 0, 0, 0, 0, 0, 0, 0, 0, 0, 0, 0, 0, 0, 0, 0, 0, 0, 0, 0, 0, 0, 0, 0, 0, 0, 0, 0, 0, 0, 0, 0, 0, 0, 0, 0, 0, 0, 0, 0, 0, 0, 0, 0, 0, 0, 0, 0, 0, 0, 0, 0, 0, 0, 0, 0, 0, 0, 0, 0, 0, 0, 0, 0, 0, 0, 0, 0, 0, 0, 0, 0, 0, 0, 0, 0, 0, 0, 0, 0, 0, 0, 0, 0, 0, 0, 0, 0, 0, 0, 0, 0, 0, 0
metricDPStoreError: 0, 0, 0, 0, 0, 0, 0, 0, 0, 0, 0, 0, 0, 0, 0, 0, 0, 0, 0, 0, 0, 0, 0, 0, 0, 0, 0, 0, 0, 0, 0, 0, 0, 0, 0, 0, 0, 0, 0, 0, 0, 0, 0, 0, 0, 0, 0, 0, 0, 0, 0, 0, 0, 0, 0, 0, 0, 0, 0, 0, 0, 0, 0, 0, 0, 0, 0, 0, 0, 0, 0, 0, 0, 0, 0, 0, 0, 0, 0, 0, 0, 0, 0, 0, 0, 0, 0, 0, 0, 0, 0, 0, 0, 0, 0, 0, 0, 0, 0, 0
metricTTStoreError: 0, 0, 0, 0, 0, 0, 0, 0, 0, 0, 0, 0, 0, 0, 0, 0, 0, 0, 0, 0, 0, 0, 0, 0, 0, 0, 0, 0, 0, 0, 0, 0, 0, 0, 0, 0, 0, 0, 0, 0, 0, 0, 0, 0, 0, 0, 0, 0, 0, 0, 0, 0, 0, 0, 0, 0, 0, 0, 0, 0, 0, 0, 0, 0, 0, 0, 0, 0, 0, 0, 0, 0, 0, 0, 0, 0, 0, 0, 0, 0, 0, 0, 0, 0, 0, 0, 0, 0, 0, 0, 0, 0, 0, 0, 0, 0, 0, 0, 0, 0
