********************************************************************* 
metricRunTimeDP: 1470, 1405, 1393, 1427, 1198, 1402, 1194, 1411, 1246, 1400
metricRunTimeDPSort: 44, 45, 45, 45, 46, 46, 45, 46, 46, 45
metricRunTimeDPMerge: 37, 108, 235, 355, 316, 487, 577, 676, 754, 789
metricDPError: 3, 7, 8, 11, 14, 18, 16, 14, 16, 17
metricDPStoreError: 2, 4, 5, 10, 12, 15, 15, 15, 15, 16
metricTTStoreError: 1, 3, 3, 7, 8, 9, 15, 11, 13, 13
********************************************************************* 
metricRunTimeDP: 1448, 1523, 1419, 1420, 1321, 1415, 1450, 1362, 1393, 1403
metricRunTimeDPSort: 46, 45, 44, 46, 45, 46, 45, 45, 45, 46
metricRunTimeDPMerge: 39, 106, 237, 344, 315, 483, 578, 674, 739, 844
metricDPError: 1, 2, 8, 12, 11, 12, 15, 15, 12, 11
metricDPStoreError: 1, 2, 8, 11, 12, 13, 16, 16, 16, 16
metricTTStoreError: 0, 0, 0, 1, 1, 3, 3, 1, 4, 5
********************************************************************* 
metricRunTimeDP: 1362, 1332, 1411, 1365, 1369, 1459, 1414, 1468, 1445, 1466
metricRunTimeDPSort: 44, 44, 46, 45, 44, 45, 47, 45, 45, 46
metricRunTimeDPMerge: 39, 110, 248, 360, 382, 497, 591, 594, 761, 844
metricDPError: 1, 4, 11, 14, 18, 18, 24, 17, 19, 20
metricDPStoreError: 0, 3, 5, 5, 6, 6, 6, 6, 6, 6
metricTTStoreError: 1, 1, 6, 9, 12, 12, 18, 13, 15, 14
********************************************************************* 
metricRunTimeDP: 1407, 1431, 1401, 1335, 1483, 1210, 1358, 1353, 1473, 1416
metricRunTimeDPSort: 45, 46, 44, 44, 45, 45, 44, 46, 47, 45
metricRunTimeDPMerge: 41, 107, 238, 348, 313, 494, 576, 661, 741, 840
metricDPError: 1, 6, 7, 11, 18, 22, 26, 20, 23, 24
metricDPStoreError: 0, 5, 8, 12, 18, 24, 27, 28, 31, 32
metricTTStoreError: 1, 1, 1, 1, 0, 2, 1, 8, 8, 8
********************************************************************* 
metricRunTimeDP: 1449, 1463, 1503, 1178, 1415, 1235, 1426, 1371, 1345, 1489
metricRunTimeDPSort: 46, 45, 46, 45, 45, 45, 44, 45, 46, 45
metricRunTimeDPMerge: 40, 106, 244, 359, 366, 481, 582, 674, 741, 795
metricDPError: 5, 6, 9, 13, 13, 14, 19, 22, 20, 22
metricDPStoreError: 2, 2, 5, 5, 5, 9, 13, 14, 17, 19
metricTTStoreError: 3, 8, 8, 12, 10, 5, 6, 8, 3, 3
********************************************************************* 
metricRunTimeDP: 1421, 1372, 1384, 1396, 1493, 1318, 1417, 1327, 1349, 1400
metricRunTimeDPSort: 44, 44, 46, 44, 46, 44, 45, 47, 45, 47
metricRunTimeDPMerge: 42, 107, 230, 344, 385, 483, 583, 601, 774, 821
metricDPError: 7, 5, 6, 7, 7, 6, 7, 6, 10, 10
metricDPStoreError: 1, 3, 3, 4, 4, 6, 7, 7, 11, 11
metricTTStoreError: 6, 4, 5, 5, 5, 2, 2, 3, 1, 1
