********************************************************************* 
metricRunTimeDP: 42, 42, 48, 42, 44, 43, 38, 29, 43, 29
metricRunTimeDPSort: 0, 1, 1, 2, 3, 3, 4, 4, 6, 6
metricRunTimeDPMerge: 4, 6, 7, 10, 9, 9, 13, 10, 12, 11
metricDPError: 31, 65, 90, 150, 206, 216, 230, 278, 238, 231
metricDPStoreError: 16, 42, 42, 62, 77, 78, 83, 88, 97, 97
metricTTStoreError: 15, 27, 64, 104, 145, 156, 167, 212, 157, 160
********************************************************************* 
metricRunTimeDP: 45, 29, 42, 45, 29, 42, 29, 29, 43, 29
metricRunTimeDPSort: 0, 1, 1, 1, 2, 2, 3, 3, 4, 5
metricRunTimeDPMerge: 4, 6, 8, 9, 9, 16, 12, 12, 12, 13
metricDPError: 45, 71, 68, 105, 176, 199, 222, 252, 297, 333
metricDPStoreError: 45, 84, 105, 116, 176, 203, 228, 253, 298, 337
metricTTStoreError: 0, 13, 37, 11, 0, 4, 6, 1, 1, 4
********************************************************************* 
metricRunTimeDP: 41, 42, 55, 42, 48, 52, 28, 43, 29, 43
metricRunTimeDPSort: 0, 1, 1, 2, 2, 3, 3, 4, 5, 6
metricRunTimeDPMerge: 4, 6, 8, 10, 10, 12, 11, 11, 11, 13
metricDPError: 59, 112, 119, 115, 115, 109, 121, 134, 171, 158
metricDPStoreError: 47, 84, 91, 109, 117, 118, 118, 130, 144, 144
metricTTStoreError: 12, 32, 32, 38, 42, 73, 87, 90, 115, 66
********************************************************************* 
metricRunTimeDP: 41, 27, 50, 29, 57, 44, 40, 28, 28, 44
metricRunTimeDPSort: 0, 1, 1, 1, 2, 2, 3, 3, 4, 4
metricRunTimeDPMerge: 4, 8, 8, 10, 10, 13, 12, 12, 11, 13
metricDPError: 13, 51, 80, 105, 147, 252, 328, 303, 360, 369
metricDPStoreError: 3, 51, 80, 110, 147, 252, 328, 331, 374, 399
metricTTStoreError: 10, 0, 14, 17, 0, 0, 0, 28, 14, 30
********************************************************************* 
metricRunTimeDP: 63, 43, 29, 56, 44, 53, 29, 43, 29, 41
metricRunTimeDPSort: 0, 1, 1, 1, 2, 3, 3, 4, 5, 6
metricRunTimeDPMerge: 4, 6, 7, 8, 9, 10, 11, 11, 11, 12
metricDPError: 22, 51, 120, 73, 104, 154, 159, 190, 235, 222
metricDPStoreError: 3, 29, 97, 108, 127, 161, 181, 181, 189, 189
metricTTStoreError: 19, 22, 23, 35, 59, 73, 56, 91, 130, 127
********************************************************************* 
metricRunTimeDP: 58, 43, 58, 52, 42, 42, 29, 44, 53, 42
metricRunTimeDPSort: 0, 1, 1, 2, 2, 3, 4, 5, 5, 6
metricRunTimeDPMerge: 4, 6, 7, 8, 9, 11, 11, 11, 12, 11
metricDPError: 75, 55, 61, 91, 96, 100, 155, 159, 197, 239
metricDPStoreError: 40, 42, 42, 56, 56, 56, 76, 83, 93, 101
metricTTStoreError: 35, 21, 31, 47, 54, 62, 89, 88, 112, 148
