********************************************************************* 
metricRunTimeDP: 1430, 1374, 1435, 1356, 1231, 1515, 1382, 1472, 1341, 1334
metricRunTimeDPSort: 44, 45, 44, 44, 44, 44, 45, 45, 45, 44
metricRunTimeDPMerge: 42, 147, 234, 344, 336, 491, 575, 637, 769, 839
metricDPError: 0, 0, 0, 0, 0, 0, 0, 0, 0, 0
metricDPStoreError: 0, 0, 0, 0, 0, 0, 0, 0, 0, 0
metricTTStoreError: 0, 0, 0, 0, 0, 0, 0, 0, 0, 0
********************************************************************* 
metricRunTimeDP: 1496, 1414, 1380, 1416, 1500, 1387, 1494, 1345, 1215, 1366
metricRunTimeDPSort: 45, 45, 45, 44, 44, 45, 44, 45, 45, 45
metricRunTimeDPMerge: 38, 158, 235, 351, 331, 482, 580, 685, 16761, 871
metricDPError: 0, 0, 0, 0, 0, 0, 0, 0, 0, 0
metricDPStoreError: 0, 0, 0, 0, 0, 0, 0, 0, 0, 0
metricTTStoreError: 0, 0, 0, 0, 0, 0, 0, 0, 0, 0
********************************************************************* 
metricRunTimeDP: 1522, 1509, 1432, 1489, 1361, 1256, 1452, 1376, 1381, 1456
metricRunTimeDPSort: 45, 44, 44, 43, 45, 45, 43, 45, 44, 45
metricRunTimeDPMerge: 39, 16161, 238, 346, 339, 476, 581, 684, 761, 826
metricDPError: 0, 0, 0, 0, 0, 0, 0, 0, 0, 0
metricDPStoreError: 0, 0, 0, 0, 0, 0, 0, 0, 0, 0
metricTTStoreError: 0, 0, 0, 0, 0, 0, 0, 0, 0, 0
********************************************************************* 
metricRunTimeDP: 1331, 1317, 1435, 1468, 1449, 1326, 1440, 1473, 1403, 1445
metricRunTimeDPSort: 46, 45, 44, 46, 45, 45, 45, 45, 44, 45
metricRunTimeDPMerge: 37, 158, 235, 354, 332, 479, 573, 660, 762, 811
metricDPError: 0, 0, 0, 0, 0, 0, 0, 0, 0, 0
metricDPStoreError: 0, 0, 0, 0, 0, 0, 0, 0, 0, 0
metricTTStoreError: 0, 0, 0, 0, 0, 0, 0, 0, 0, 0
********************************************************************* 
metricRunTimeDP: 1383, 1378, 1199, 1421, 1440, 1354, 1533, 1358, 1478, 1457
metricRunTimeDPSort: 44, 45, 45, 44, 44, 44, 45, 46, 44, 45
metricRunTimeDPMerge: 39, 161, 238, 356, 324, 478, 570, 658, 759, 822
metricDPError: 0, 0, 0, 0, 0, 0, 0, 0, 0, 0
metricDPStoreError: 0, 0, 0, 0, 0, 0, 0, 0, 0, 0
metricTTStoreError: 0, 0, 0, 0, 0, 0, 0, 0, 0, 0
********************************************************************* 
metricRunTimeDP: 1499, 1407, 1328, 1421, 1495, 1349, 1451, 1429, 1310, 1412
metricRunTimeDPSort: 45, 45, 45, 45, 45, 45, 45, 45, 44, 44
metricRunTimeDPMerge: 39, 156, 238, 355, 337, 490, 579, 16682, 748, 836
metricDPError: 0, 0, 0, 0, 0, 0, 0, 0, 0, 0
metricDPStoreError: 0, 0, 0, 0, 0, 0, 0, 0, 0, 0
metricTTStoreError: 0, 0, 0, 0, 0, 0, 0, 0, 0, 0
