********************************************************************* 
metricRunTimeDP: 200, 184, 200, 172, 151, 170, 164, 144, 179, 170
metricRunTimeDPSort: 3, 4, 5, 5, 6, 7, 7, 9, 10, 10
metricRunTimeDPMerge: 7, 17, 27, 50, 28, 39, 45, 52, 62, 66
metricDPError: 74, 68, 72, 76, 67, 94, 171, 175, 134, 122
metricDPStoreError: 0, 0, 14, 21, 21, 29, 34, 45, 45, 45
metricTTStoreError: 74, 68, 58, 73, 68, 97, 179, 172, 141, 135
********************************************************************* 
metricRunTimeDP: 178, 173, 166, 193, 184, 154, 177, 192, 177, 177
metricRunTimeDPSort: 3, 3, 4, 5, 5, 7, 7, 8, 8, 9
metricRunTimeDPMerge: 9, 20, 30, 40, 31, 38, 52, 56, 66, 71
metricDPError: 85, 96, 235, 253, 201, 232, 210, 171, 195, 199
metricDPStoreError: 60, 84, 199, 210, 210, 216, 222, 240, 265, 277
metricTTStoreError: 25, 38, 36, 69, 139, 122, 146, 97, 80, 78
********************************************************************* 
metricRunTimeDP: 184, 144, 169, 163, 167, 171, 157, 171, 178, 206
metricRunTimeDPSort: 3, 3, 4, 5, 6, 6, 7, 8, 8, 8
metricRunTimeDPMerge: 9, 20, 27, 41, 30, 39, 42, 57, 62, 67
metricDPError: 67, 53, 38, 78, 121, 129, 124, 222, 237, 280
metricDPStoreError: 51, 63, 76, 87, 93, 103, 103, 182, 217, 252
metricTTStoreError: 16, 20, 40, 9, 74, 76, 79, 82, 64, 74
********************************************************************* 
metricRunTimeDP: 191, 194, 170, 167, 203, 205, 177, 154, 192, 166
metricRunTimeDPSort: 3, 4, 4, 5, 5, 6, 7, 8, 8, 9
metricRunTimeDPMerge: 9, 25, 30, 45, 58, 34, 52, 57, 64, 69
metricDPError: 50, 67, 88, 125, 165, 177, 129, 95, 175, 157
metricDPStoreError: 28, 65, 92, 125, 165, 195, 215, 215, 248, 248
metricTTStoreError: 22, 2, 4, 0, 0, 18, 86, 140, 99, 149
********************************************************************* 
metricRunTimeDP: 173, 192, 165, 168, 200, 167, 190, 197, 182, 185
metricRunTimeDPSort: 3, 3, 4, 5, 6, 7, 7, 8, 9, 10
metricRunTimeDPMerge: 11, 23, 29, 47, 29, 40, 50, 58, 66, 69
metricDPError: 42, 42, 56, 84, 97, 94, 90, 83, 68, 88
metricDPStoreError: 12, 13, 58, 78, 106, 113, 115, 118, 118, 118
metricTTStoreError: 30, 29, 16, 32, 55, 25, 43, 117, 116, 150
********************************************************************* 
metricRunTimeDP: 162, 152, 168, 188, 161, 163, 167, 149, 196, 165
metricRunTimeDPSort: 3, 3, 4, 5, 6, 6, 7, 7, 8, 8
metricRunTimeDPMerge: 11, 22, 34, 49, 50, 37, 49, 55, 64, 68
metricDPError: 73, 107, 128, 121, 133, 162, 247, 249, 248, 227
metricDPStoreError: 54, 92, 111, 132, 154, 176, 247, 259, 273, 284
metricTTStoreError: 19, 15, 21, 39, 25, 48, 0, 10, 25, 65
