********************************************************************* 
metricRunTimeDP: 1424, 1455, 1418, 1453, 1421, 1429, 1378, 1470, 1351, 1432
metricRunTimeDPSort: 46, 56, 47, 56, 47, 60, 47, 60, 50, 65
metricRunTimeDPMerge: 6, 18, 170, 36, 385, 648, 800, 126, 799, 1055
metricDPError: 22, 24, 36, 21, 17, 16, 12, 18, 38, 25
metricDPStoreError: 10, 9, 31, 31, 31, 31, 31, 38, 54, 55
metricTTStoreError: 12, 15, 5, 50, 36, 35, 33, 20, 16, 30
********************************************************************* 
metricRunTimeDP: 1304, 1422, 1489, 1416, 1426, 1326, 1339, 1479, 1462, 1484
metricRunTimeDPSort: 48, 56, 47, 57, 48, 60, 49, 60, 49, 66
metricRunTimeDPMerge: 6, 18, 168, 37, 395, 642, 771, 129, 804, 1095
metricDPError: 17, 13, 32, 30, 27, 50, 49, 47, 39, 58
metricDPStoreError: 6, 10, 33, 47, 47, 47, 47, 47, 47, 47
metricTTStoreError: 11, 3, 1, 27, 30, 57, 50, 64, 72, 71
********************************************************************* 
metricRunTimeDP: 1281, 1439, 1290, 1498, 1327, 1319, 1426, 1462, 1434, 1439
metricRunTimeDPSort: 46, 56, 47, 56, 48, 60, 49, 59, 49, 66
metricRunTimeDPMerge: 6, 18, 164, 39, 386, 639, 810, 127, 798, 1050
metricDPError: 25, 22, 25, 16, 46, 42, 55, 28, 23, 68
metricDPStoreError: 17, 27, 38, 38, 47, 51, 51, 51, 51, 67
metricTTStoreError: 8, 11, 17, 36, 1, 43, 52, 57, 56, 55
********************************************************************* 
metricRunTimeDP: 1440, 1372, 1432, 1325, 1399, 1408, 1406, 1575, 1389, 1339
metricRunTimeDPSort: 46, 57, 48, 58, 48, 60, 49, 59, 49, 66
metricRunTimeDPMerge: 6, 18, 174, 36, 395, 643, 762, 128, 812, 1099
metricDPError: 12, 17, 17, 27, 17, 35, 42, 11, 16, 22
metricDPStoreError: 3, 2, 7, 24, 24, 36, 43, 39, 40, 40
metricTTStoreError: 9, 19, 14, 13, 25, 11, 5, 36, 48, 32
********************************************************************* 
metricRunTimeDP: 1433, 1507, 1359, 1391, 1445, 1298, 1400, 1510, 1429, 1484
metricRunTimeDPSort: 47, 57, 48, 57, 49, 61, 49, 59, 49, 64
metricRunTimeDPMerge: 6, 18, 170, 34, 384, 645, 767, 128, 803, 1087
metricDPError: 18, 6, 12, 13, 38, 37, 39, 30, 31, 42
metricDPStoreError: 7, 6, 12, 13, 13, 13, 18, 23, 23, 26
metricTTStoreError: 11, 12, 4, 20, 33, 26, 21, 31, 40, 28
********************************************************************* 
metricRunTimeDP: 1503, 1513, 1407, 1435, 1466, 1461, 1460, 1381, 1505, 1412
metricRunTimeDPSort: 47, 56, 47, 56, 49, 60, 49, 59, 50, 64
metricRunTimeDPMerge: 6, 18, 170, 39, 395, 643, 766, 127, 789, 1080
metricDPError: 23, 41, 34, 16, 19, 28, 50, 26, 27, 41
metricDPStoreError: 15, 31, 33, 33, 33, 33, 45, 41, 41, 53
metricTTStoreError: 8, 18, 13, 39, 36, 31, 27, 33, 34, 28
