********************************************************************* 
metricRunTimeDP: 130, 134, 115, 128, 119, 115, 117, 153, 101, 97
metricRunTimeDPSort: 1, 4, 6, 10, 11, 14, 17, 24, 22, 25
metricRunTimeDPMerge: 1, 2, 12, 4, 14, 13, 20, 7, 14, 16
metricDPError: 249, 267, 422, 271, 410, 334, 401, 256, 228, 298
metricDPStoreError: 243, 176, 301, 196, 334, 231, 231, 203, 266, 276
metricTTStoreError: 6, 91, 121, 75, 76, 171, 184, 53, 38, 134
********************************************************************* 
metricRunTimeDP: 156, 113, 124, 97, 120, 118, 109, 118, 97, 99
metricRunTimeDPSort: 1, 4, 6, 10, 11, 13, 16, 24, 22, 25
metricRunTimeDPMerge: 1, 1, 13, 3, 13, 14, 23, 5, 17, 17
metricDPError: 155, 131, 120, 218, 457, 437, 518, 197, 306, 313
metricDPStoreError: 118, 35, 35, 218, 398, 373, 387, 158, 224, 220
metricTTStoreError: 37, 96, 85, 0, 59, 114, 149, 39, 86, 139
********************************************************************* 
metricRunTimeDP: 87, 86, 109, 109, 112, 125, 110, 144, 131, 107
metricRunTimeDPSort: 1, 4, 6, 10, 11, 15, 17, 23, 23, 28
metricRunTimeDPMerge: 1, 1, 11, 3, 12, 12, 19, 4, 16, 16
metricDPError: 57, 77, 96, 258, 358, 253, 242, 223, 292, 314
metricDPStoreError: 55, 30, 96, 133, 147, 136, 148, 55, 201, 128
metricTTStoreError: 2, 47, 0, 125, 213, 121, 100, 168, 91, 186
********************************************************************* 
metricRunTimeDP: 136, 99, 85, 115, 125, 93, 99, 124, 98, 117
metricRunTimeDPSort: 1, 4, 6, 10, 11, 14, 16, 24, 22, 26
metricRunTimeDPMerge: 1, 1, 9, 3, 11, 14, 22, 5, 19, 18
metricDPError: 164, 168, 221, 178, 218, 201, 316, 249, 183, 247
metricDPStoreError: 116, 39, 94, 96, 133, 159, 244, 206, 206, 250
metricTTStoreError: 48, 129, 127, 82, 97, 42, 88, 43, 69, 121
********************************************************************* 
metricRunTimeDP: 123, 120, 130, 117, 131, 111, 125, 115, 116, 115
metricRunTimeDPSort: 1, 4, 5, 10, 11, 15, 16, 24, 23, 26
metricRunTimeDPMerge: 1, 2, 12, 3, 15, 15, 24, 4, 14, 15
metricDPError: 178, 147, 161, 169, 385, 340, 465, 196, 399, 156
metricDPStoreError: 175, 144, 178, 88, 306, 302, 389, 129, 289, 135
metricTTStoreError: 3, 3, 23, 81, 81, 42, 82, 67, 110, 97
********************************************************************* 
metricRunTimeDP: 133, 132, 116, 111, 115, 117, 130, 103, 116, 131
metricRunTimeDPSort: 1, 4, 7, 10, 12, 15, 17, 24, 24, 27
metricRunTimeDPMerge: 0, 1, 7, 2, 11, 13, 29, 5, 14, 19
metricDPError: 128, 139, 180, 59, 165, 125, 206, 282, 247, 220
metricDPStoreError: 89, 0, 3, 0, 22, 58, 204, 83, 122, 95
metricTTStoreError: 39, 139, 177, 59, 143, 67, 2, 199, 127, 125
