********************************************************************* 
metricRunTimeDP: 1461, 1470, 1456, 1505, 1520, 1493, 1543, 1776, 1448, 1425
metricRunTimeDPSort: 47, 105, 46, 243, 47, 107, 47, 542, 46, 107
metricRunTimeDPMerge: 11, 21, 183, 33, 410, 346, 783, 63, 814, 797
metricDPError: 0, 1, 1, 3, 4, 5, 5, 1, 1, 2
metricDPStoreError: 0, 0, 0, 1, 1, 1, 1, 0, 0, 1
metricTTStoreError: 0, 1, 1, 2, 3, 4, 4, 1, 1, 1
********************************************************************* 
metricRunTimeDP: 1405, 1449, 1381, 1515, 1352, 1491, 1455, 1692, 1347, 1508
metricRunTimeDPSort: 47, 106, 47, 241, 46, 104, 47, 542, 47, 108
metricRunTimeDPMerge: 11, 20, 181, 32, 384, 348, 795, 83, 792, 786
metricDPError: 1, 1, 2, 3, 3, 3, 3, 1, 1, 2
metricDPStoreError: 1, 0, 0, 0, 0, 0, 0, 0, 0, 0
metricTTStoreError: 0, 1, 2, 3, 3, 3, 3, 1, 1, 2
********************************************************************* 
metricRunTimeDP: 1476, 1415, 1457, 1601, 1515, 1356, 1544, 1713, 1556, 1438
metricRunTimeDPSort: 46, 107, 46, 241, 45, 106, 46, 541, 46, 107
metricRunTimeDPMerge: 11, 20, 183, 31, 394, 348, 772, 64, 843, 799
metricDPError: 0, 2, 2, 1, 1, 3, 3, 0, 0, 1
metricDPStoreError: 0, 1, 1, 0, 0, 1, 1, 0, 0, 0
metricTTStoreError: 0, 1, 1, 1, 1, 2, 2, 0, 0, 1
********************************************************************* 
metricRunTimeDP: 1531, 1551, 1332, 1471, 1448, 1519, 1442, 1505, 1385, 1441
metricRunTimeDPSort: 47, 105, 45, 241, 47, 108, 46, 542, 47, 105
metricRunTimeDPMerge: 10, 19, 180, 31, 398, 357, 791, 61, 806, 793
metricDPError: 0, 1, 1, 2, 2, 2, 2, 0, 1, 1
metricDPStoreError: 0, 0, 0, 0, 0, 0, 0, 0, 1, 0
metricTTStoreError: 0, 1, 1, 2, 2, 2, 2, 0, 0, 1
********************************************************************* 
metricRunTimeDP: 1574, 1447, 1515, 1638, 1442, 1403, 1296, 1526, 1289, 1373
metricRunTimeDPSort: 46, 105, 46, 240, 47, 106, 46, 541, 47, 106
metricRunTimeDPMerge: 11, 19, 186, 32, 412, 348, 785, 60, 826, 799
metricDPError: 0, 1, 1, 3, 3, 3, 3, 3, 4, 5
metricDPStoreError: 0, 0, 0, 0, 0, 0, 0, 0, 0, 1
metricTTStoreError: 0, 1, 1, 3, 3, 3, 3, 3, 4, 4
********************************************************************* 
metricRunTimeDP: 1453, 1415, 1398, 1570, 1406, 1374, 1348, 1636, 1353, 1552
metricRunTimeDPSort: 46, 104, 46, 238, 47, 107, 46, 541, 46, 107
metricRunTimeDPMerge: 10, 20, 183, 31, 411, 357, 775, 62, 849, 802
metricDPError: 0, 1, 1, 3, 3, 4, 5, 2, 2, 3
metricDPStoreError: 0, 1, 1, 0, 0, 1, 2, 0, 0, 0
metricTTStoreError: 0, 0, 0, 3, 3, 3, 3, 2, 2, 3
