********************************************************************* 
metricRunTimeDP: 1569, 1326, 1439, 1458, 1539, 1653, 1548, 1736, 1449, 1524
metricRunTimeDPSort: 47, 107, 47, 244, 49, 109, 48, 541, 49, 109
metricRunTimeDPMerge: 12, 20, 186, 31, 395, 331, 800, 58, 840, 773
metricDPError: 13, 15, 27, 18, 34, 26, 28, 15, 23, 47
metricDPStoreError: 12, 11, 21, 10, 10, 15, 20, 5, 23, 46
metricTTStoreError: 1, 4, 6, 8, 30, 27, 34, 10, 2, 1
********************************************************************* 
metricRunTimeDP: 1459, 1526, 1427, 1630, 1411, 1384, 1352, 1751, 1490, 1461
metricRunTimeDPSort: 47, 109, 47, 240, 48, 107, 49, 539, 49, 109
metricRunTimeDPMerge: 11, 21, 180, 27, 413, 349, 797, 60, 836, 755
metricDPError: 25, 19, 45, 16, 20, 25, 47, 15, 10, 19
metricDPStoreError: 10, 12, 29, 3, 3, 21, 45, 10, 10, 13
metricTTStoreError: 15, 7, 20, 13, 21, 4, 2, 5, 14, 10
********************************************************************* 
metricRunTimeDP: 1318, 1425, 1418, 1391, 1433, 1462, 1301, 1762, 1489, 1533
metricRunTimeDPSort: 46, 107, 47, 240, 47, 108, 47, 543, 48, 109
metricRunTimeDPMerge: 11, 20, 175, 32, 411, 361, 806, 60, 817, 765
metricDPError: 17, 29, 35, 62, 65, 72, 86, 35, 35, 38
metricDPStoreError: 2, 17, 25, 56, 68, 65, 70, 35, 46, 39
metricTTStoreError: 15, 12, 10, 6, 11, 13, 16, 0, 11, 27
********************************************************************* 
metricRunTimeDP: 1546, 1561, 1510, 1530, 1443, 1477, 1488, 1785, 1456, 1494
metricRunTimeDPSort: 47, 107, 48, 241, 48, 109, 49, 541, 50, 112
metricRunTimeDPMerge: 10, 17, 181, 30, 386, 353, 834, 57, 834, 737
metricDPError: 12, 20, 26, 18, 19, 11, 30, 9, 23, 20
metricDPStoreError: 11, 6, 13, 5, 5, 5, 9, 1, 7, 2
metricTTStoreError: 1, 14, 13, 13, 24, 14, 29, 8, 16, 18
********************************************************************* 
metricRunTimeDP: 1410, 1382, 1432, 1413, 1444, 1507, 1292, 1645, 1373, 1489
metricRunTimeDPSort: 47, 105, 49, 244, 49, 108, 48, 549, 48, 110
metricRunTimeDPMerge: 11, 20, 181, 30, 409, 429, 748, 68, 839, 780
metricDPError: 29, 22, 41, 35, 25, 35, 44, 14, 26, 12
metricDPStoreError: 2, 9, 18, 21, 21, 21, 21, 11, 11, 11
metricTTStoreError: 27, 13, 33, 14, 18, 28, 35, 3, 21, 11
********************************************************************* 
metricRunTimeDP: 1443, 1456, 1421, 1640, 1401, 1561, 1362, 1590, 1535, 1604
metricRunTimeDPSort: 47, 104, 47, 242, 48, 109, 48, 544, 50, 110
metricRunTimeDPMerge: 11, 21, 178, 29, 413, 349, 782, 64, 844, 771
metricDPError: 13, 30, 31, 15, 27, 18, 36, 11, 27, 23
metricDPStoreError: 7, 30, 30, 13, 28, 22, 41, 5, 10, 5
metricTTStoreError: 6, 0, 17, 2, 1, 8, 7, 6, 21, 26
