********************************************************************* 
metricRunTimeDP: 1458, 1476, 1435, 1483, 1436, 1443, 1393, 1486, 1366, 1462
metricRunTimeDPSort: 46, 56, 47, 56, 47, 60, 47, 60, 50, 65
metricRunTimeDPMerge: 11, 20, 185, 47, 406, 655, 801, 130, 803, 1013
metricDPError: 22, 24, 36, 21, 17, 16, 12, 18, 38, 25
metricDPStoreError: 10, 9, 31, 31, 31, 31, 31, 38, 54, 55
metricTTStoreError: 12, 15, 5, 50, 36, 35, 33, 20, 16, 30
********************************************************************* 
metricRunTimeDP: 1337, 1458, 1509, 1446, 1440, 1347, 1370, 1519, 1480, 1516
metricRunTimeDPSort: 48, 56, 47, 57, 48, 60, 49, 59, 49, 66
metricRunTimeDPMerge: 11, 20, 178, 43, 402, 642, 795, 130, 813, 1085
metricDPError: 17, 13, 32, 30, 27, 50, 49, 47, 39, 58
metricDPStoreError: 6, 10, 33, 47, 47, 47, 47, 47, 47, 47
metricTTStoreError: 11, 3, 1, 27, 30, 57, 50, 64, 72, 71
********************************************************************* 
metricRunTimeDP: 1314, 1453, 1325, 1518, 1352, 1333, 1448, 1477, 1448, 1460
metricRunTimeDPSort: 46, 56, 47, 56, 48, 59, 49, 59, 49, 66
metricRunTimeDPMerge: 11, 19, 178, 46, 405, 637, 822, 160, 824, 1106
metricDPError: 25, 22, 25, 16, 46, 42, 55, 28, 23, 68
metricDPStoreError: 17, 27, 38, 38, 47, 51, 51, 51, 51, 67
metricTTStoreError: 8, 11, 17, 36, 1, 43, 52, 57, 56, 55
********************************************************************* 
metricRunTimeDP: 1473, 1408, 1460, 1346, 1413, 1429, 1437, 1597, 1404, 1373
metricRunTimeDPSort: 46, 57, 48, 58, 48, 60, 49, 59, 49, 66
metricRunTimeDPMerge: 11, 21, 184, 45, 400, 646, 786, 133, 898, 1095
metricDPError: 12, 17, 17, 27, 17, 35, 42, 11, 16, 22
metricDPStoreError: 3, 2, 7, 24, 24, 36, 43, 39, 40, 40
metricTTStoreError: 9, 19, 14, 13, 25, 11, 5, 36, 48, 32
********************************************************************* 
metricRunTimeDP: 1465, 1525, 1356, 1405, 1465, 1318, 1404, 1525, 1443, 1505
metricRunTimeDPSort: 47, 57, 48, 57, 49, 61, 49, 59, 49, 64
metricRunTimeDPMerge: 10, 20, 176, 47, 394, 648, 782, 160, 815, 1085
metricDPError: 18, 6, 12, 13, 38, 37, 39, 30, 31, 42
metricDPStoreError: 7, 6, 12, 13, 13, 13, 18, 23, 23, 26
metricTTStoreError: 11, 12, 4, 20, 33, 26, 21, 31, 40, 28
********************************************************************* 
metricRunTimeDP: 1552, 1526, 1434, 1455, 1479, 1497, 1481, 1395, 1536, 1427
metricRunTimeDPSort: 47, 56, 47, 56, 49, 60, 49, 59, 50, 64
metricRunTimeDPMerge: 10, 21, 178, 46, 412, 648, 790, 127, 818, 1076
metricDPError: 23, 41, 34, 16, 19, 28, 50, 26, 27, 41
metricDPStoreError: 15, 31, 33, 33, 33, 33, 45, 41, 41, 53
metricTTStoreError: 8, 18, 13, 39, 36, 31, 27, 33, 34, 28
