********************************************************************* 
metricRunTimeDP: 258, 229, 230, 206, 212, 241, 255, 253, 284, 239
metricRunTimeDPSort: 5, 12, 8, 27, 14, 22, 19, 62, 26, 35
metricRunTimeDPMerge: 2, 4, 23, 6, 28, 43, 46, 11, 44, 43
metricDPError: 327, 332, 469, 405, 440, 542, 736, 353, 458, 344
metricDPStoreError: 327, 327, 444, 348, 503, 557, 752, 353, 465, 403
metricTTStoreError: 0, 5, 25, 57, 63, 15, 16, 0, 7, 59
********************************************************************* 
metricRunTimeDP: 281, 218, 199, 261, 273, 232, 219, 316, 244, 263
metricRunTimeDPSort: 5, 11, 10, 26, 15, 23, 20, 64, 27, 36
metricRunTimeDPMerge: 2, 4, 23, 7, 24, 28, 51, 10, 44, 49
metricDPError: 90, 121, 160, 307, 353, 580, 485, 211, 244, 321
metricDPStoreError: 0, 26, 93, 216, 261, 473, 551, 174, 223, 281
metricTTStoreError: 90, 95, 67, 91, 106, 107, 158, 37, 49, 40
********************************************************************* 
metricRunTimeDP: 227, 213, 248, 258, 223, 295, 230, 277, 268, 236
metricRunTimeDPSort: 4, 12, 10, 26, 16, 23, 23, 64, 28, 36
metricRunTimeDPMerge: 2, 3, 24, 6, 32, 25, 48, 11, 43, 40
metricDPError: 148, 98, 154, 72, 245, 303, 334, 162, 217, 189
metricDPStoreError: 66, 44, 158, 21, 132, 21, 44, 81, 81, 95
metricTTStoreError: 82, 54, 16, 51, 131, 312, 290, 81, 208, 104
********************************************************************* 
metricRunTimeDP: 267, 199, 203, 240, 244, 253, 223, 303, 278, 228
metricRunTimeDPSort: 5, 12, 9, 27, 14, 22, 18, 63, 27, 36
metricRunTimeDPMerge: 2, 4, 22, 7, 27, 33, 46, 13, 40, 44
metricDPError: 55, 173, 124, 243, 359, 568, 595, 182, 233, 196
metricDPStoreError: 32, 130, 165, 243, 366, 571, 638, 181, 257, 265
metricTTStoreError: 23, 43, 89, 0, 9, 13, 43, 1, 188, 69
********************************************************************* 
metricRunTimeDP: 294, 206, 206, 238, 263, 242, 262, 287, 221, 261
metricRunTimeDPSort: 5, 12, 10, 27, 16, 23, 22, 63, 27, 36
metricRunTimeDPMerge: 3, 4, 21, 6, 27, 28, 50, 11, 46, 46
metricDPError: 202, 147, 173, 57, 194, 199, 328, 129, 234, 175
metricDPStoreError: 177, 76, 133, 17, 173, 64, 214, 93, 208, 184
metricTTStoreError: 25, 71, 40, 40, 21, 169, 148, 36, 26, 9
