********************************************************************* 
metricRunTimeDP: 174, 167, 148, 141, 172, 178, 184, 195, 158, 162
metricRunTimeDPSort: 3, 7, 3, 17, 4, 8, 4, 38, 4, 9
metricRunTimeDPMerge: 2, 4, 34, 7, 57, 52, 102, 11, 101, 102
metricDPError: 20, 16, 35, 20, 19, 14, 23, 12, 23, 21
metricDPStoreError: 12, 12, 12, 11, 11, 11, 13, 9, 15, 10
metricTTStoreError: 8, 4, 41, 9, 24, 15, 22, 3, 8, 17
********************************************************************* 
metricRunTimeDP: 177, 156, 146, 166, 166, 177, 193, 184, 135, 149
metricRunTimeDPSort: 3, 7, 3, 17, 3, 8, 4, 39, 4, 9
metricRunTimeDPMerge: 2, 4, 33, 6, 54, 66, 98, 10, 102, 96
metricDPError: 16, 32, 36, 18, 14, 34, 36, 14, 22, 22
metricDPStoreError: 3, 12, 12, 5, 6, 9, 11, 6, 7, 10
metricTTStoreError: 13, 20, 30, 13, 14, 35, 35, 8, 17, 12
********************************************************************* 
metricRunTimeDP: 185, 168, 179, 183, 130, 168, 186, 159, 180, 119
metricRunTimeDPSort: 3, 7, 3, 17, 3, 8, 4, 39, 4, 9
metricRunTimeDPMerge: 2, 4, 39, 5, 62, 54, 101, 11, 99, 96
metricDPError: 19, 9, 8, 59, 52, 55, 44, 40, 37, 36
metricDPStoreError: 3, 0, 3, 51, 53, 53, 55, 34, 40, 44
metricTTStoreError: 16, 9, 5, 8, 13, 10, 15, 6, 15, 8
********************************************************************* 
metricRunTimeDP: 195, 175, 166, 180, 166, 140, 153, 207, 141, 135
metricRunTimeDPSort: 3, 7, 3, 17, 3, 7, 4, 38, 5, 8
metricRunTimeDPMerge: 2, 4, 37, 7, 58, 55, 103, 10, 101, 93
metricDPError: 15, 18, 26, 25, 51, 49, 55, 26, 44, 23
metricDPStoreError: 13, 15, 19, 25, 44, 49, 58, 16, 24, 16
metricTTStoreError: 2, 3, 9, 0, 9, 0, 3, 10, 30, 19
********************************************************************* 
metricRunTimeDP: 177, 189, 157, 202, 135, 175, 138, 162, 157, 159
metricRunTimeDPSort: 3, 7, 3, 16, 4, 8, 4, 39, 4, 9
metricRunTimeDPMerge: 3, 4, 38, 6, 58, 57, 104, 11, 101, 97
metricDPError: 22, 33, 31, 16, 25, 14, 24, 20, 29, 23
metricDPStoreError: 12, 7, 8, 6, 13, 8, 21, 0, 2, 3
metricTTStoreError: 10, 26, 35, 10, 12, 6, 3, 20, 27, 20
