********************************************************************* 
metricRunTimeDP: 1537, 1400, 1376, 1379, 1484, 1412, 1439, 1415, 1339, 1362
metricRunTimeDPSort: 46, 55, 46, 54, 47, 55, 46, 54, 46, 55
metricRunTimeDPMerge: 10, 20, 177, 40, 403, 648, 781, 129, 783, 1058
metricDPError: 0, 2, 2, 2, 2, 3, 3, 2, 2, 3
metricDPStoreError: 0, 1, 1, 1, 1, 1, 1, 1, 1, 1
metricTTStoreError: 0, 1, 1, 3, 3, 4, 4, 3, 3, 4
********************************************************************* 
metricRunTimeDP: 1500, 1402, 1421, 1447, 1455, 1380, 1559, 1440, 1437, 1338
metricRunTimeDPSort: 47, 54, 46, 53, 46, 54, 46, 54, 46, 56
metricRunTimeDPMerge: 11, 19, 180, 44, 406, 654, 770, 128, 829, 1054
metricDPError: 0, 1, 1, 4, 4, 5, 5, 1, 1, 2
metricDPStoreError: 0, 0, 0, 0, 0, 1, 1, 1, 1, 1
metricTTStoreError: 0, 1, 1, 4, 4, 4, 4, 2, 2, 3
********************************************************************* 
metricRunTimeDP: 1419, 1449, 1309, 1449, 1512, 1269, 1309, 1451, 1282, 1521
metricRunTimeDPSort: 46, 53, 46, 53, 46, 55, 45, 52, 47, 56
metricRunTimeDPMerge: 10, 20, 175, 42, 394, 626, 791, 131, 830, 1056
metricDPError: 0, 3, 3, 2, 2, 2, 2, 1, 1, 3
metricDPStoreError: 0, 0, 0, 0, 0, 0, 0, 0, 0, 0
metricTTStoreError: 0, 3, 3, 2, 2, 2, 2, 1, 1, 3
********************************************************************* 
metricRunTimeDP: 1481, 1333, 1445, 1380, 1483, 1578, 1378, 1397, 1452, 1495
metricRunTimeDPSort: 47, 55, 47, 52, 45, 55, 45, 53, 46, 55
metricRunTimeDPMerge: 11, 21, 180, 45, 406, 647, 792, 129, 798, 1058
metricDPError: 1, 2, 2, 2, 2, 2, 2, 2, 3, 2
metricDPStoreError: 1, 1, 1, 1, 1, 1, 1, 3, 4, 4
metricTTStoreError: 0, 1, 1, 3, 3, 3, 3, 1, 1, 2
********************************************************************* 
metricRunTimeDP: 1461, 1331, 1376, 1577, 1284, 1454, 1382, 1401, 1361, 1485
metricRunTimeDPSort: 47, 54, 48, 53, 46, 56, 47, 54, 46, 57
metricRunTimeDPMerge: 11, 21, 183, 41, 434, 645, 772, 128, 819, 1058
metricDPError: 0, 1, 1, 3, 3, 3, 2, 2, 3, 3
metricDPStoreError: 0, 0, 0, 0, 0, 0, 0, 0, 1, 1
metricTTStoreError: 0, 1, 1, 3, 3, 3, 2, 2, 2, 4
********************************************************************* 
metricRunTimeDP: 1434, 1288, 1421, 1183, 1447, 1440, 1391, 1658, 1367, 1586
metricRunTimeDPSort: 47, 54, 46, 54, 48, 54, 46, 53, 47, 55
metricRunTimeDPMerge: 11, 19, 184, 47, 398, 688, 782, 126, 825, 1051
metricDPError: 1, 1, 1, 1, 1, 1, 1, 0, 0, 1
metricDPStoreError: 1, 0, 1, 1, 1, 1, 1, 1, 1, 1
metricTTStoreError: 0, 1, 0, 2, 2, 2, 2, 1, 1, 2
