********************************************************************* 
metricRunTimeDP: 1413, 1421, 1436, 1394, 1507, 1443, 1530, 1453, 1436, 1376
metricRunTimeDPSort: 47, 105, 46, 243, 47, 107, 47, 543, 46, 107
metricRunTimeDPMerge: 6, 14, 170, 26, 407, 329, 771, 52, 803, 786
metricDPError: 0, 1, 1, 3, 4, 5, 5, 1, 1, 2
metricDPStoreError: 0, 0, 0, 1, 1, 1, 1, 0, 0, 1
metricTTStoreError: 0, 1, 1, 2, 3, 4, 4, 1, 1, 1
********************************************************************* 
metricRunTimeDP: 1373, 1409, 1361, 1377, 1338, 1401, 1442, 1379, 1334, 1442
metricRunTimeDPSort: 47, 106, 47, 241, 46, 104, 47, 543, 47, 108
metricRunTimeDPMerge: 6, 11, 171, 24, 373, 349, 787, 51, 793, 776
metricDPError: 1, 1, 2, 3, 3, 3, 3, 1, 1, 2
metricDPStoreError: 1, 0, 0, 0, 0, 0, 0, 0, 0, 0
metricTTStoreError: 0, 1, 2, 3, 3, 3, 3, 1, 1, 2
********************************************************************* 
metricRunTimeDP: 1444, 1382, 1438, 1479, 1471, 1322, 1530, 1438, 1537, 1388
metricRunTimeDPSort: 46, 107, 46, 241, 45, 106, 46, 541, 46, 107
metricRunTimeDPMerge: 6, 12, 171, 25, 392, 329, 766, 49, 831, 781
metricDPError: 0, 2, 2, 1, 1, 3, 3, 0, 0, 1
metricDPStoreError: 0, 1, 1, 0, 0, 1, 1, 0, 0, 0
metricTTStoreError: 0, 1, 1, 1, 1, 2, 2, 0, 0, 1
********************************************************************* 
metricRunTimeDP: 1503, 1480, 1313, 1360, 1428, 1423, 1422, 1301, 1371, 1392
metricRunTimeDPSort: 48, 105, 45, 241, 47, 108, 46, 542, 47, 105
metricRunTimeDPMerge: 6, 12, 170, 24, 390, 344, 776, 50, 778, 788
metricDPError: 0, 1, 1, 2, 2, 2, 2, 0, 1, 1
metricDPStoreError: 0, 0, 0, 0, 0, 0, 0, 0, 1, 0
metricTTStoreError: 0, 1, 1, 2, 2, 2, 2, 0, 0, 1
********************************************************************* 
metricRunTimeDP: 1517, 1409, 1501, 1494, 1422, 1353, 1245, 1256, 1278, 1333
metricRunTimeDPSort: 46, 105, 46, 240, 47, 106, 46, 541, 47, 106
metricRunTimeDPMerge: 6, 15, 170, 27, 395, 336, 779, 47, 826, 777
metricDPError: 0, 1, 1, 3, 3, 3, 3, 3, 4, 5
metricDPStoreError: 0, 0, 0, 0, 0, 0, 0, 0, 0, 1
metricTTStoreError: 0, 1, 1, 3, 3, 3, 3, 3, 4, 4
********************************************************************* 
metricRunTimeDP: 1420, 1340, 1379, 1423, 1391, 1340, 1335, 1434, 1333, 1492
metricRunTimeDPSort: 46, 105, 46, 238, 48, 107, 46, 541, 46, 107
metricRunTimeDPMerge: 6, 12, 170, 24, 405, 342, 767, 49, 818, 763
metricDPError: 0, 1, 1, 3, 3, 4, 5, 2, 2, 3
metricDPStoreError: 0, 1, 1, 0, 0, 1, 2, 0, 0, 0
metricTTStoreError: 0, 0, 0, 3, 3, 3, 3, 2, 2, 3
