********************************************************************* 
metricRunTimeDP: 1490, 1381, 1362, 1365, 1469, 1392, 1424, 1399, 1319, 1350
metricRunTimeDPSort: 46, 55, 46, 54, 47, 55, 46, 54, 46, 55
metricRunTimeDPMerge: 7, 16, 166, 36, 400, 646, 739, 123, 786, 1029
metricDPError: 0, 2, 2, 2, 2, 3, 3, 2, 2, 3
metricDPStoreError: 0, 1, 1, 1, 1, 1, 1, 1, 1, 1
metricTTStoreError: 0, 1, 1, 3, 3, 4, 4, 3, 3, 4
********************************************************************* 
metricRunTimeDP: 1454, 1383, 1392, 1434, 1421, 1360, 1510, 1425, 1423, 1278
metricRunTimeDPSort: 48, 54, 46, 53, 46, 54, 46, 54, 46, 56
metricRunTimeDPMerge: 6, 17, 174, 36, 395, 647, 762, 129, 829, 1057
metricDPError: 0, 1, 1, 4, 4, 5, 5, 1, 1, 2
metricDPStoreError: 0, 0, 0, 0, 0, 1, 1, 1, 1, 1
metricTTStoreError: 0, 1, 1, 4, 4, 4, 4, 2, 2, 3
********************************************************************* 
metricRunTimeDP: 1386, 1414, 1295, 1413, 1498, 1233, 1294, 1431, 1269, 1508
metricRunTimeDPSort: 46, 53, 47, 53, 46, 55, 45, 52, 47, 56
metricRunTimeDPMerge: 6, 17, 164, 37, 386, 649, 763, 126, 824, 1018
metricDPError: 0, 3, 3, 2, 2, 2, 2, 1, 1, 3
metricDPStoreError: 0, 0, 0, 0, 0, 0, 0, 0, 0, 0
metricTTStoreError: 0, 3, 3, 2, 2, 2, 2, 1, 1, 3
********************************************************************* 
metricRunTimeDP: 1438, 1313, 1412, 1351, 1469, 1565, 1358, 1376, 1437, 1466
metricRunTimeDPSort: 47, 55, 47, 52, 45, 55, 45, 53, 46, 55
metricRunTimeDPMerge: 7, 18, 166, 37, 395, 650, 776, 126, 798, 1056
metricDPError: 1, 2, 2, 2, 2, 2, 2, 2, 3, 2
metricDPStoreError: 1, 1, 1, 1, 1, 1, 1, 3, 4, 4
metricTTStoreError: 0, 1, 1, 3, 3, 3, 3, 1, 1, 2
********************************************************************* 
metricRunTimeDP: 1406, 1303, 1356, 1549, 1265, 1422, 1362, 1380, 1346, 1465
metricRunTimeDPSort: 47, 54, 48, 53, 46, 56, 47, 54, 46, 57
metricRunTimeDPMerge: 7, 18, 168, 36, 385, 655, 760, 122, 802, 1052
metricDPError: 0, 1, 1, 3, 3, 3, 2, 2, 3, 3
metricDPStoreError: 0, 0, 0, 0, 0, 0, 0, 0, 1, 1
metricTTStoreError: 0, 1, 1, 3, 3, 3, 2, 2, 2, 4
********************************************************************* 
metricRunTimeDP: 1385, 1253, 1389, 1165, 1419, 1425, 1355, 1646, 1347, 1566
metricRunTimeDPSort: 47, 54, 46, 54, 48, 54, 46, 53, 47, 55
metricRunTimeDPMerge: 6, 17, 168, 36, 392, 651, 762, 129, 815, 1052
metricDPError: 1, 1, 1, 1, 1, 1, 1, 0, 0, 1
metricDPStoreError: 1, 0, 1, 1, 1, 1, 1, 1, 1, 1
metricTTStoreError: 0, 1, 0, 2, 2, 2, 2, 1, 1, 2
