********************************************************************* 
metricRunTimeDP: 120, 124, 106, 121, 113, 100, 105, 126, 74, 85
metricRunTimeDPSort: 1, 4, 6, 10, 11, 14, 17, 24, 22, 25
metricRunTimeDPMerge: 1, 1, 9, 1, 12, 10, 16, 4, 11, 13
metricDPError: 249, 267, 422, 271, 410, 334, 401, 256, 228, 298
metricDPStoreError: 243, 176, 301, 196, 334, 231, 231, 203, 266, 276
metricTTStoreError: 6, 91, 121, 75, 76, 171, 184, 53, 38, 134
********************************************************************* 
metricRunTimeDP: 143, 101, 116, 88, 108, 111, 99, 103, 86, 86
metricRunTimeDPSort: 1, 4, 6, 10, 11, 13, 16, 24, 22, 25
metricRunTimeDPMerge: 0, 0, 8, 1, 10, 11, 19, 3, 12, 15
metricDPError: 155, 131, 120, 218, 457, 437, 518, 197, 306, 313
metricDPStoreError: 118, 35, 35, 218, 398, 373, 387, 158, 224, 220
metricTTStoreError: 37, 96, 85, 0, 59, 114, 149, 39, 86, 139
********************************************************************* 
metricRunTimeDP: 74, 73, 102, 99, 103, 116, 101, 132, 119, 94
metricRunTimeDPSort: 1, 4, 6, 10, 11, 15, 17, 23, 23, 28
metricRunTimeDPMerge: 0, 0, 8, 1, 8, 9, 17, 1, 12, 17
metricDPError: 57, 77, 96, 258, 358, 253, 242, 223, 292, 314
metricDPStoreError: 55, 30, 96, 133, 147, 136, 148, 55, 201, 128
metricTTStoreError: 2, 47, 0, 125, 213, 121, 100, 168, 91, 186
********************************************************************* 
metricRunTimeDP: 125, 88, 74, 103, 116, 84, 74, 112, 87, 105
metricRunTimeDPSort: 2, 4, 6, 10, 11, 14, 16, 24, 22, 26
metricRunTimeDPMerge: 0, 0, 8, 1, 9, 12, 18, 2, 14, 14
metricDPError: 164, 168, 221, 178, 218, 201, 316, 249, 183, 247
metricDPStoreError: 116, 39, 94, 96, 133, 159, 244, 206, 206, 250
metricTTStoreError: 48, 129, 127, 82, 97, 42, 88, 43, 69, 121
********************************************************************* 
metricRunTimeDP: 112, 113, 121, 111, 117, 87, 116, 91, 105, 102
metricRunTimeDPSort: 1, 4, 5, 10, 11, 15, 16, 24, 23, 26
metricRunTimeDPMerge: 1, 1, 9, 1, 12, 12, 19, 3, 11, 12
metricDPError: 178, 147, 161, 169, 385, 340, 465, 196, 399, 156
metricDPStoreError: 175, 144, 178, 88, 306, 302, 389, 129, 289, 135
metricTTStoreError: 3, 3, 23, 81, 81, 42, 82, 67, 110, 97
********************************************************************* 
metricRunTimeDP: 119, 123, 109, 105, 106, 105, 120, 75, 104, 117
metricRunTimeDPSort: 1, 4, 7, 10, 12, 15, 17, 24, 24, 27
metricRunTimeDPMerge: 0, 0, 6, 1, 10, 10, 22, 4, 11, 13
metricDPError: 128, 139, 180, 59, 165, 125, 206, 282, 247, 220
metricDPStoreError: 89, 0, 3, 0, 22, 58, 204, 83, 122, 95
metricTTStoreError: 39, 139, 177, 59, 143, 67, 2, 199, 127, 125
