********************************************************************* 
metricRunTimeDP: 131, 85, 108, 101, 97, 124, 100, 86, 117, 103
metricRunTimeDPSort: 1, 12, 6, 32, 11, 55, 18, 79, 23, 101
metricRunTimeDPMerge: 1, 1, 8, 3, 11, 11, 18, 4, 13, 15
metricDPError: 201, 86, 105, 129, 181, 171, 253, 74, 138, 118
metricDPStoreError: 121, 39, 41, 25, 109, 46, 94, 19, 41, 50
metricTTStoreError: 80, 47, 68, 104, 72, 127, 159, 55, 101, 102
********************************************************************* 
metricRunTimeDP: 131, 107, 94, 112, 81, 113, 92, 143, 118, 85
metricRunTimeDPSort: 1, 12, 5, 30, 10, 47, 15, 72, 22, 94
metricRunTimeDPMerge: 1, 3, 16, 3, 13, 17, 27, 4, 14, 16
metricDPError: 114, 189, 342, 287, 354, 452, 703, 152, 143, 141
metricDPStoreError: 114, 189, 342, 287, 355, 453, 705, 252, 256, 252
metricTTStoreError: 0, 0, 0, 0, 1, 1, 2, 146, 113, 111
********************************************************************* 
metricRunTimeDP: 99, 109, 80, 105, 111, 83, 119, 114, 85, 96
metricRunTimeDPSort: 1, 12, 6, 33, 11, 50, 17, 73, 22, 93
metricRunTimeDPMerge: 0, 3, 10, 3, 13, 15, 25, 5, 17, 19
metricDPError: 68, 106, 106, 202, 225, 248, 317, 197, 306, 518
metricDPStoreError: 36, 102, 148, 117, 249, 262, 318, 185, 236, 449
metricTTStoreError: 32, 4, 100, 85, 46, 22, 1, 38, 132, 129
********************************************************************* 
metricRunTimeDP: 139, 96, 106, 112, 111, 116, 111, 102, 118, 116
metricRunTimeDPSort: 1, 14, 6, 34, 12, 53, 17, 75, 23, 91
metricRunTimeDPMerge: 1, 2, 9, 3, 12, 14, 25, 5, 14, 19
metricDPError: 73, 145, 206, 142, 106, 154, 249, 109, 113, 375
metricDPStoreError: 70, 74, 157, 26, 26, 93, 240, 80, 116, 375
metricTTStoreError: 3, 71, 49, 116, 82, 61, 11, 81, 3, 0
********************************************************************* 
metricRunTimeDP: 100, 112, 112, 106, 120, 112, 122, 101, 100, 127
metricRunTimeDPSort: 1, 14, 6, 29, 11, 47, 16, 67, 21, 88
metricRunTimeDPMerge: 1, 3, 14, 4, 16, 14, 29, 5, 16, 18
metricDPError: 135, 153, 343, 362, 566, 458, 564, 342, 396, 523
metricDPStoreError: 98, 107, 292, 285, 499, 400, 466, 340, 393, 533
metricTTStoreError: 37, 46, 51, 77, 67, 172, 108, 2, 3, 22
********************************************************************* 
metricRunTimeDP: 142, 86, 132, 103, 102, 142, 136, 131, 125, 125
metricRunTimeDPSort: 1, 12, 6, 30, 10, 46, 16, 72, 20, 91
metricRunTimeDPMerge: 2, 2, 13, 4, 15, 16, 25, 6, 6, 18
metricDPError: 256, 143, 243, 198, 346, 316, 494, 457, 465, 582
metricDPStoreError: 255, 140, 260, 193, 346, 316, 495, 391, 391, 529
metricTTStoreError: 1, 3, 49, 5, 0, 0, 1, 86, 186, 89
