********************************************************************* 
metricRunTimeDP: 117, 72, 101, 95, 86, 116, 74, 74, 89, 74
metricRunTimeDPSort: 1, 12, 6, 32, 11, 55, 18, 79, 23, 101
metricRunTimeDPMerge: 0, 1, 7, 1, 8, 8, 14, 2, 11, 12
metricDPError: 201, 86, 105, 129, 181, 171, 253, 74, 138, 118
metricDPStoreError: 121, 39, 41, 25, 109, 46, 94, 19, 41, 50
metricTTStoreError: 80, 47, 68, 104, 72, 127, 159, 55, 101, 102
********************************************************************* 
metricRunTimeDP: 119, 97, 86, 102, 74, 105, 84, 121, 106, 72
metricRunTimeDPSort: 1, 12, 5, 30, 10, 47, 15, 72, 22, 94
metricRunTimeDPMerge: 0, 1, 11, 2, 11, 13, 23, 2, 11, 13
metricDPError: 114, 189, 342, 287, 354, 452, 703, 152, 143, 141
metricDPStoreError: 114, 189, 342, 287, 355, 453, 705, 252, 256, 252
metricTTStoreError: 0, 0, 0, 0, 1, 1, 2, 146, 113, 111
********************************************************************* 
metricRunTimeDP: 88, 100, 75, 95, 101, 74, 111, 104, 73, 83
metricRunTimeDPSort: 1, 12, 6, 33, 11, 50, 17, 73, 22, 93
metricRunTimeDPMerge: 0, 2, 9, 2, 10, 11, 23, 3, 12, 15
metricDPError: 68, 106, 106, 202, 225, 248, 317, 197, 306, 518
metricDPStoreError: 36, 102, 148, 117, 249, 262, 318, 185, 236, 449
metricTTStoreError: 32, 4, 100, 85, 46, 22, 1, 38, 132, 129
********************************************************************* 
metricRunTimeDP: 129, 86, 90, 103, 100, 108, 86, 75, 106, 103
metricRunTimeDPSort: 1, 14, 6, 34, 12, 53, 17, 75, 23, 91
metricRunTimeDPMerge: 0, 1, 7, 1, 9, 11, 20, 2, 11, 17
metricDPError: 73, 145, 206, 142, 106, 154, 249, 109, 113, 375
metricDPStoreError: 70, 74, 157, 26, 26, 93, 240, 80, 116, 375
metricTTStoreError: 3, 71, 49, 116, 82, 61, 11, 81, 3, 0
********************************************************************* 
metricRunTimeDP: 89, 106, 100, 88, 112, 102, 109, 90, 87, 115
metricRunTimeDPSort: 1, 14, 6, 29, 11, 47, 16, 67, 21, 88
metricRunTimeDPMerge: 0, 2, 11, 2, 13, 12, 24, 3, 11, 14
metricDPError: 135, 153, 343, 362, 566, 458, 564, 342, 396, 523
metricDPStoreError: 98, 107, 292, 285, 499, 400, 466, 340, 393, 533
metricTTStoreError: 37, 46, 51, 77, 67, 172, 108, 2, 3, 22
********************************************************************* 
metricRunTimeDP: 130, 74, 120, 95, 98, 130, 111, 121, 99, 113
metricRunTimeDPSort: 1, 12, 6, 30, 10, 46, 16, 72, 20, 91
metricRunTimeDPMerge: 1, 1, 10, 2, 12, 13, 20, 2, 4, 14
metricDPError: 256, 143, 243, 198, 346, 316, 494, 457, 465, 582
metricDPStoreError: 255, 140, 260, 193, 346, 316, 495, 391, 391, 529
metricTTStoreError: 1, 3, 49, 5, 0, 0, 1, 86, 186, 89
