********************************************************************* 
metricRunTimeDP: 246, 225, 222, 181, 206, 221, 247, 230, 275, 227
metricRunTimeDPSort: 5, 12, 8, 27, 14, 22, 19, 62, 26, 35
metricRunTimeDPMerge: 1, 2, 20, 3, 22, 27, 36, 5, 40, 36
metricDPError: 327, 332, 469, 405, 440, 542, 736, 353, 458, 344
metricDPStoreError: 327, 327, 444, 348, 503, 557, 752, 353, 465, 403
metricTTStoreError: 0, 5, 25, 57, 63, 15, 16, 0, 7, 59
********************************************************************* 
metricRunTimeDP: 264, 212, 195, 252, 264, 224, 210, 253, 235, 234
metricRunTimeDPSort: 5, 11, 10, 26, 15, 23, 20, 64, 27, 36
metricRunTimeDPMerge: 1, 1, 18, 3, 21, 26, 45, 6, 37, 40
metricDPError: 90, 121, 160, 307, 353, 580, 485, 211, 244, 321
metricDPStoreError: 0, 26, 93, 216, 261, 473, 551, 174, 223, 281
metricTTStoreError: 90, 95, 67, 91, 106, 107, 158, 37, 49, 40
********************************************************************* 
metricRunTimeDP: 215, 207, 242, 249, 215, 271, 222, 252, 255, 208
metricRunTimeDPSort: 4, 12, 10, 26, 16, 23, 23, 64, 28, 36
metricRunTimeDPMerge: 1, 2, 19, 3, 22, 21, 41, 6, 35, 43
metricDPError: 148, 98, 154, 72, 245, 303, 334, 162, 217, 189
metricDPStoreError: 66, 44, 158, 21, 132, 21, 44, 81, 81, 95
metricTTStoreError: 82, 54, 16, 51, 131, 312, 290, 81, 208, 104
********************************************************************* 
metricRunTimeDP: 255, 192, 198, 231, 233, 231, 216, 241, 269, 216
metricRunTimeDPSort: 5, 12, 9, 27, 14, 22, 18, 63, 27, 36
metricRunTimeDPMerge: 1, 1, 18, 3, 21, 26, 41, 7, 36, 40
metricDPError: 55, 173, 124, 243, 359, 568, 595, 182, 233, 196
metricDPStoreError: 32, 130, 165, 243, 366, 571, 638, 181, 257, 265
metricTTStoreError: 23, 43, 89, 0, 9, 13, 43, 1, 188, 69
********************************************************************* 
metricRunTimeDP: 273, 198, 199, 228, 258, 222, 254, 246, 211, 246
metricRunTimeDPSort: 5, 12, 10, 27, 16, 23, 22, 63, 27, 36
metricRunTimeDPMerge: 1, 1, 19, 3, 21, 26, 38, 5, 36, 40
metricDPError: 202, 147, 173, 57, 194, 199, 328, 129, 234, 175
metricDPStoreError: 177, 76, 133, 17, 173, 64, 214, 93, 208, 184
metricTTStoreError: 25, 71, 40, 40, 21, 169, 148, 36, 26, 9
********************************************************************* 
metricRunTimeDP: 255, 263, 205, 262, 194, 192, 228, 248, 235, 260
metricRunTimeDPSort: 5, 12, 9, 27, 15, 23, 21, 62, 26, 35
metricRunTimeDPMerge: 1, 1, 18, 2, 23, 21, 41, 6, 43, 37
metricDPError: 132, 185, 190, 190, 185, 101, 205, 349, 600, 412
metricDPStoreError: 104, 113, 161, 116, 203, 125, 125, 304, 492, 407
metricTTStoreError: 28, 72, 47, 74, 18, 24, 194, 45, 108, 221
