********************************************************************* 
metricRunTimeDP: 1520, 1262, 1418, 1319, 1502, 1586, 1492, 1431, 1412, 1457
metricRunTimeDPSort: 48, 107, 47, 244, 49, 109, 48, 541, 49, 109
metricRunTimeDPMerge: 6, 13, 174, 23, 389, 338, 790, 51, 832, 762
metricDPError: 13, 15, 27, 18, 34, 26, 28, 15, 23, 47
metricDPStoreError: 12, 11, 21, 10, 10, 15, 20, 5, 23, 46
metricTTStoreError: 1, 4, 6, 8, 30, 27, 34, 10, 2, 1
********************************************************************* 
metricRunTimeDP: 1409, 1446, 1390, 1412, 1391, 1335, 1332, 1422, 1461, 1426
metricRunTimeDPSort: 47, 109, 47, 240, 48, 107, 49, 539, 49, 109
metricRunTimeDPMerge: 6, 15, 166, 27, 391, 334, 770, 49, 813, 747
metricDPError: 25, 19, 45, 16, 20, 25, 47, 15, 10, 19
metricDPStoreError: 10, 12, 29, 3, 3, 21, 45, 10, 10, 13
metricTTStoreError: 15, 7, 20, 13, 21, 4, 2, 5, 14, 10
********************************************************************* 
metricRunTimeDP: 1268, 1351, 1388, 1318, 1413, 1427, 1286, 1420, 1424, 1443
metricRunTimeDPSort: 46, 107, 47, 240, 47, 108, 47, 543, 48, 109
metricRunTimeDPMerge: 6, 12, 163, 22, 378, 350, 773, 49, 808, 761
metricDPError: 17, 29, 35, 62, 65, 72, 86, 35, 35, 38
metricDPStoreError: 2, 17, 25, 56, 68, 65, 70, 35, 46, 39
metricTTStoreError: 15, 12, 10, 6, 11, 13, 16, 0, 11, 27
********************************************************************* 
metricRunTimeDP: 1513, 1505, 1490, 1381, 1407, 1410, 1474, 1484, 1435, 1458
metricRunTimeDPSort: 47, 107, 48, 241, 49, 109, 49, 541, 50, 112
metricRunTimeDPMerge: 6, 10, 169, 23, 390, 329, 834, 49, 803, 723
metricDPError: 12, 20, 26, 18, 19, 11, 30, 9, 23, 20
metricDPStoreError: 11, 6, 13, 5, 5, 5, 9, 1, 7, 2
metricTTStoreError: 1, 14, 13, 13, 24, 14, 29, 8, 16, 18
********************************************************************* 
metricRunTimeDP: 1377, 1317, 1412, 1256, 1424, 1455, 1276, 1379, 1352, 1431
metricRunTimeDPSort: 47, 105, 49, 244, 49, 108, 48, 549, 48, 110
metricRunTimeDPMerge: 6, 11, 165, 21, 393, 344, 726, 50, 825, 757
metricDPError: 29, 22, 41, 35, 25, 35, 44, 14, 26, 12
metricDPStoreError: 2, 9, 18, 21, 21, 21, 21, 11, 11, 11
metricTTStoreError: 27, 13, 33, 14, 18, 28, 35, 3, 21, 11
********************************************************************* 
metricRunTimeDP: 1410, 1386, 1401, 1486, 1386, 1508, 1346, 1338, 1520, 1519
metricRunTimeDPSort: 48, 104, 47, 242, 48, 109, 48, 544, 50, 110
metricRunTimeDPMerge: 6, 12, 169, 21, 399, 337, 766, 50, 826, 756
metricDPError: 13, 30, 31, 15, 27, 18, 36, 11, 27, 23
metricDPStoreError: 7, 30, 30, 13, 28, 22, 41, 5, 10, 5
metricTTStoreError: 6, 0, 17, 2, 1, 8, 7, 6, 21, 26
