********************************************************************* 
metricRunTimeDP: 23, 23, 34, 23, 31, 36, 37, 47, 36, 38, 46, 39, 38, 39, 21, 25, 42, 38, 23, 23, 23, 23, 23, 24, 23, 37, 37, 32, 23, 26, 40, 40, 33, 33, 22, 24, 37, 24, 23, 24, 38, 55, 36, 38, 34, 38, 23, 25, 22, 23, 44, 34, 33, 23, 22, 24, 23, 22, 22, 36, 22, 23, 30, 44, 23, 45, 37, 38, 23, 23, 50, 37, 41, 45, 23, 36, 39, 37, 21, 26, 23, 23, 35, 23, 35, 39, 37, 26, 38, 21, 34, 27, 37, 38, 45, 41, 38, 37, 44, 24
metricRunTimeDPSort: 0, 1, 1, 2, 1, 2, 2, 5, 3, 4, 4, 5, 5, 6, 6, 13, 7, 8, 8, 10, 9, 10, 10, 14, 11, 12, 12, 15, 13, 14, 14, 29, 16, 17, 16, 19, 17, 19, 19, 22, 20, 21, 21, 23, 22, 24, 24, 33, 25, 26, 26, 28, 27, 28, 28, 33, 28, 31, 31, 34, 33, 35, 33, 71, 35, 37, 37, 39, 38, 40, 39, 44, 41, 42, 42, 44, 42, 44, 44, 54, 46, 47, 46, 47, 47, 48, 48, 54, 51, 50, 51, 54, 53, 55, 53, 73, 55, 58, 57, 59
metricRunTimeDPMerge: 0, 0, 7, 1, 10, 10, 17, 1, 13, 11, 22, 11, 24, 21, 33, 2, 16, 12, 19, 18, 27, 24, 43, 17, 31, 26, 45, 28, 36, 41, 50, 3, 19, 16, 28, 17, 33, 35, 34, 21, 31, 38, 43, 38, 42, 41, 50, 28, 36, 36, 43, 41, 49, 48, 56, 40, 48, 50, 58, 55, 62, 62, 68, 10, 28, 28, 35, 31, 38, 42, 47, 34, 41, 42, 48, 48, 55, 60, 62, 34, 43, 47, 53, 50, 58, 56, 65, 53, 91, 62, 71, 64, 71, 77, 79, 43, 50, 52, 59, 59
metricDPError: 42, 26, 57, 65, 88, 59, 98, 52, 70, 104, 109, 43, 42, 43, 40, 23, 24, 47, 82, 34, 49, 82, 91, 40, 41, 93, 119, 72, 82, 89, 106, 26, 22, 32, 75, 21, 70, 45, 80, 17, 49, 24, 41, 33, 46, 78, 94, 19, 26, 15, 28, 68, 91, 69, 104, 42, 65, 52, 53, 71, 100, 49, 77, 33, 62, 65, 63, 49, 47, 41, 58, 53, 61, 66, 84, 60, 37, 54, 57, 60, 65, 91, 129, 164, 167, 144, 96, 86, 75, 87, 65, 89, 59, 72, 87, 72, 89, 64, 72, 67
metricDPStoreError: 20, 13, 16, 54, 78, 54, 85, 52, 72, 111, 118, 52, 53, 58, 64, 23, 33, 56, 57, 40, 49, 89, 96, 46, 46, 105, 130, 68, 77, 92, 99, 23, 28, 35, 62, 24, 53, 39, 39, 25, 30, 36, 45, 33, 37, 48, 55, 26, 26, 26, 35, 69, 69, 74, 101, 41, 80, 53, 53, 65, 70, 65, 75, 12, 47, 23, 37, 31, 31, 35, 43, 30, 49, 44, 46, 34, 34, 34, 34, 27, 35, 57, 95, 129, 148, 129, 133, 55, 66, 58, 60, 72, 72, 72, 75, 44, 64, 44, 44, 46
metricTTStoreError: 22, 13, 41, 11, 12, 21, 31, 0, 2, 7, 9, 9, 23, 15, 24, 0, 15, 9, 43, 12, 0, 7, 5, 6, 23, 12, 11, 22, 23, 37, 27, 3, 16, 29, 41, 13, 33, 22, 73, 8, 41, 18, 28, 34, 43, 64, 73, 25, 36, 29, 13, 25, 50, 27, 19, 33, 17, 31, 32, 32, 48, 26, 28, 21, 15, 50, 28, 36, 52, 40, 55, 23, 32, 46, 64, 76, 55, 44, 57, 33, 36, 34, 34, 35, 19, 39, 37, 31, 51, 37, 27, 39, 45, 48, 24, 28, 29, 42, 76, 41
********************************************************************* 
metricRunTimeDP: 35, 23, 42, 31, 23, 39, 37, 41, 44, 23, 37, 24, 25, 22, 30, 24, 23, 23, 46, 23, 23, 22, 23, 23, 32, 23, 35, 36, 23, 36, 39, 27, 30, 35, 35, 37, 38, 23, 22, 26, 23, 22, 32, 38, 46, 23, 35, 39, 35, 35, 23, 23, 38, 33, 35, 42, 22, 41, 22, 39, 15, 23, 29, 45, 41, 35, 21, 38, 33, 22, 36, 22, 22, 43, 22, 39, 43, 36, 44, 25, 23, 23, 37, 37, 23, 23, 36, 37, 23, 35, 37, 37, 23, 33, 22, 28, 46, 38, 23, 46
metricRunTimeDPSort: 0, 1, 1, 2, 1, 2, 2, 5, 3, 4, 4, 6, 5, 6, 6, 13, 7, 8, 8, 10, 9, 10, 10, 14, 11, 12, 12, 14, 14, 15, 15, 31, 16, 16, 17, 19, 18, 19, 19, 24, 21, 21, 21, 23, 23, 24, 23, 33, 25, 27, 26, 29, 27, 27, 28, 32, 30, 31, 31, 34, 33, 33, 34, 70, 36, 38, 38, 39, 39, 40, 41, 44, 41, 42, 42, 44, 43, 44, 45, 54, 46, 46, 47, 49, 48, 50, 49, 54, 51, 51, 53, 55, 53, 54, 54, 75, 56, 59, 58, 59
metricRunTimeDPMerge: 0, 0, 10, 1, 9, 8, 20, 1, 13, 13, 23, 12, 22, 19, 32, 3, 16, 13, 18, 17, 28, 27, 35, 19, 26, 26, 32, 28, 34, 40, 52, 5, 21, 19, 26, 20, 31, 27, 33, 21, 33, 34, 40, 38, 43, 41, 52, 26, 35, 37, 43, 39, 47, 45, 54, 43, 52, 49, 60, 58, 65, 67, 84, 9, 29, 28, 35, 34, 43, 44, 48, 36, 42, 43, 49, 50, 58, 57, 62, 40, 46, 46, 57, 54, 59, 62, 68, 58, 60, 63, 74, 67, 70, 80, 81, 43, 52, 59, 61, 60
metricDPError: 22, 27, 38, 31, 47, 61, 66, 14, 21, 39, 54, 63, 62, 61, 74, 49, 63, 119, 113, 89, 132, 166, 185, 71, 92, 92, 119, 88, 116, 90, 97, 68, 70, 102, 109, 74, 74, 91, 110, 73, 85, 61, 69, 70, 53, 78, 76, 85, 87, 95, 100, 95, 82, 132, 106, 66, 82, 111, 106, 117, 151, 115, 154, 35, 69, 81, 67, 69, 73, 78, 43, 83, 107, 118, 125, 103, 116, 108, 101, 72, 60, 65, 100, 87, 101, 67, 97, 61, 64, 59, 66, 78, 67, 87, 106, 81, 80, 80, 66, 90
metricDPStoreError: 5, 25, 40, 17, 28, 54, 66, 7, 23, 25, 31, 17, 18, 17, 23, 6, 7, 50, 50, 19, 60, 81, 82, 25, 53, 43, 56, 28, 49, 30, 30, 0, 0, 0, 32, 10, 11, 20, 27, 7, 7, 7, 23, 13, 20, 14, 14, 38, 38, 91, 92, 65, 65, 109, 111, 76, 82, 124, 144, 105, 124, 114, 135, 0, 0, 19, 19, 6, 23, 8, 8, 2, 22, 24, 44, 23, 48, 23, 29, 0, 0, 1, 28, 0, 0, 3, 14, 0, 1, 0, 21, 0, 1, 0, 0, 0, 4, 5, 15, 1
metricTTStoreError: 17, 2, 24, 14, 19, 7, 0, 7, 2, 14, 25, 50, 48, 54, 55, 43, 56, 69, 63, 70, 72, 85, 105, 46, 39, 49, 63, 62, 73, 66, 75, 68, 70, 102, 77, 64, 67, 85, 91, 66, 78, 54, 46, 57, 37, 68, 68, 47, 55, 54, 58, 52, 21, 55, 35, 62, 68, 55, 38, 26, 45, 27, 21, 35, 69, 62, 58, 63, 50, 82, 51, 81, 85, 94, 81, 80, 68, 91, 96, 72, 60, 64, 72, 87, 101, 64, 85, 61, 63, 59, 45, 78, 66, 87, 106, 81, 76, 75, 51, 89
********************************************************************* 
metricRunTimeDP: 24, 37, 35, 24, 44, 30, 47, 19, 42, 31, 36, 23, 23, 40, 38, 26, 35, 37, 28, 37, 37, 67, 38, 40, 25, 36, 30, 38, 37, 22, 37, 41, 22, 22, 23, 39, 35, 39, 23, 23, 35, 23, 23, 29, 40, 40, 31, 30, 23, 35, 36, 32, 33, 43, 23, 23, 23, 37, 23, 35, 40, 37, 36, 31, 23, 37, 21, 37, 21, 37, 36, 23, 36, 30, 34, 23, 23, 36, 23, 37, 48, 23, 31, 23, 34, 40, 36, 46, 43, 23, 34, 33, 21, 23, 22, 42, 38, 22, 22, 38
metricRunTimeDPSort: 0, 0, 1, 2, 1, 2, 2, 5, 3, 3, 4, 5, 4, 5, 5, 13, 7, 7, 8, 9, 9, 10, 10, 14, 11, 12, 13, 14, 14, 14, 14, 30, 16, 17, 17, 19, 17, 18, 18, 23, 21, 21, 21, 23, 22, 23, 23, 33, 25, 26, 26, 28, 27, 28, 28, 33, 31, 30, 31, 33, 32, 33, 34, 71, 35, 36, 36, 38, 37, 40, 40, 42, 40, 42, 42, 45, 43, 45, 43, 53, 45, 47, 46, 49, 48, 49, 48, 54, 52, 52, 51, 53, 52, 53, 54, 74, 56, 58, 58, 61
metricRunTimeDPMerge: 0, 0, 11, 1, 8, 10, 21, 2, 12, 13, 23, 11, 25, 22, 36, 3, 15, 16, 23, 18, 23, 29, 32, 18, 25, 25, 32, 28, 36, 42, 52, 5, 20, 17, 27, 17, 32, 33, 35, 24, 30, 36, 41, 37, 42, 39, 48, 25, 36, 36, 39, 37, 43, 51, 53, 41, 48, 50, 59, 51, 64, 64, 71, 9, 28, 28, 36, 30, 39, 41, 46, 32, 44, 44, 53, 45, 55, 58, 63, 37, 45, 49, 54, 53, 56, 59, 67, 53, 62, 64, 70, 64, 71, 78, 80, 39, 53, 54, 63, 66
metricDPError: 13, 40, 55, 31, 34, 90, 90, 79, 92, 98, 133, 77, 118, 87, 93, 50, 106, 94, 91, 69, 83, 68, 114, 46, 56, 103, 119, 65, 94, 46, 67, 18, 61, 35, 77, 34, 21, 40, 33, 32, 50, 49, 70, 59, 90, 81, 78, 41, 50, 62, 54, 44, 83, 116, 145, 48, 85, 75, 96, 72, 71, 72, 96, 38, 43, 86, 69, 93, 95, 111, 99, 103, 120, 109, 116, 142, 142, 161, 168, 114, 172, 137, 133, 128, 158, 149, 144, 124, 163, 178, 210, 197, 211, 209, 223, 122, 141, 135, 122, 153
metricDPStoreError: 13, 28, 31, 12, 20, 68, 71, 78, 98, 96, 113, 78, 96, 87, 87, 25, 67, 46, 46, 52, 52, 56, 63, 30, 31, 33, 54, 36, 51, 45, 45, 15, 58, 35, 74, 28, 34, 46, 53, 29, 53, 42, 45, 55, 70, 64, 65, 43, 56, 47, 47, 45, 47, 104, 133, 49, 66, 72, 81, 70, 78, 77, 100, 32, 38, 61, 62, 63, 63, 70, 74, 54, 86, 78, 82, 70, 92, 104, 118, 38, 67, 69, 71, 52, 83, 75, 79, 42, 48, 54, 59, 73, 93, 92, 111, 39, 39, 39, 39, 51
metricTTStoreError: 0, 12, 24, 19, 14, 24, 23, 1, 20, 24, 22, 7, 26, 0, 16, 25, 39, 48, 45, 17, 33, 14, 55, 16, 33, 78, 73, 37, 51, 19, 42, 3, 3, 0, 17, 6, 13, 30, 22, 11, 5, 15, 33, 12, 28, 17, 21, 2, 6, 33, 51, 13, 50, 20, 20, 7, 27, 27, 23, 12, 7, 27, 4, 6, 7, 27, 17, 32, 40, 49, 31, 51, 36, 33, 38, 74, 52, 59, 56, 80, 107, 70, 64, 78, 77, 78, 67, 84, 119, 130, 153, 130, 120, 119, 114, 95, 110, 108, 87, 104
********************************************************************* 
metricRunTimeDP: 47, 38, 23, 39, 44, 23, 23, 45, 35, 40, 35, 31, 36, 23, 22, 61, 23, 23, 37, 49, 27, 23, 38, 40, 23, 38, 22, 24, 22, 23, 22, 49, 23, 35, 23, 30, 23, 38, 37, 38, 40, 23, 23, 61, 34, 43, 43, 39, 38, 37, 23, 36, 23, 36, 45, 33, 23, 37, 22, 32, 38, 23, 33, 46, 23, 38, 36, 23, 27, 44, 36, 26, 37, 37, 22, 22, 27, 38, 40, 42, 23, 31, 36, 38, 38, 29, 23, 37, 32, 28, 23, 38, 22, 26, 35, 40, 23, 23, 37, 23
metricRunTimeDPSort: 0, 1, 0, 2, 1, 2, 2, 5, 3, 4, 4, 6, 5, 6, 5, 13, 7, 8, 8, 9, 8, 10, 10, 14, 11, 11, 12, 14, 13, 14, 14, 30, 16, 16, 17, 18, 17, 19, 19, 23, 20, 21, 20, 22, 21, 23, 24, 32, 25, 27, 27, 27, 27, 29, 28, 34, 30, 31, 30, 33, 33, 33, 33, 71, 36, 37, 37, 40, 38, 39, 40, 43, 41, 42, 42, 43, 43, 44, 44, 51, 44, 47, 45, 49, 48, 48, 49, 53, 50, 51, 50, 53, 53, 54, 54, 73, 55, 57, 57, 61
metricRunTimeDPMerge: 0, 0, 11, 0, 13, 8, 20, 1, 11, 11, 24, 14, 22, 26, 36, 3, 16, 15, 23, 18, 28, 28, 36, 17, 32, 26, 42, 27, 42, 36, 49, 3, 21, 22, 22, 19, 33, 34, 32, 22, 32, 36, 40, 36, 40, 41, 51, 27, 36, 35, 40, 42, 45, 46, 54, 44, 49, 51, 61, 58, 63, 65, 70, 10, 28, 31, 35, 32, 42, 41, 47, 33, 45, 43, 50, 45, 55, 57, 61, 37, 47, 47, 54, 49, 59, 59, 64, 55, 64, 59, 71, 73, 71, 77, 80, 41, 54, 54, 61, 63
metricDPError: 37, 56, 80, 59, 99, 60, 93, 46, 92, 75, 93, 75, 57, 70, 118, 53, 57, 63, 69, 63, 80, 78, 86, 45, 60, 94, 85, 61, 116, 86, 95, 62, 82, 62, 63, 67, 57, 59, 62, 68, 110, 97, 89, 55, 59, 66, 71, 72, 82, 75, 91, 68, 77, 32, 40, 87, 93, 74, 60, 131, 141, 147, 164, 26, 37, 29, 52, 30, 39, 38, 46, 41, 48, 62, 79, 40, 66, 48, 44, 55, 73, 73, 78, 52, 68, 55, 62, 98, 93, 82, 67, 67, 92, 60, 70, 66, 63, 84, 84, 97
metricDPStoreError: 25, 56, 80, 56, 97, 66, 72, 39, 92, 77, 95, 72, 74, 88, 118, 41, 44, 48, 56, 51, 54, 51, 55, 53, 70, 94, 111, 62, 104, 72, 89, 48, 69, 55, 64, 53, 66, 72, 72, 59, 91, 82, 83, 66, 66, 66, 75, 52, 63, 55, 55, 52, 52, 52, 55, 69, 84, 73, 73, 112, 121, 135, 142, 16, 31, 22, 40, 20, 42, 25, 32, 27, 40, 57, 93, 40, 72, 56, 56, 68, 88, 79, 95, 68, 74, 68, 78, 104, 107, 104, 104, 104, 106, 105, 111, 52, 67, 79, 83, 83
metricTTStoreError: 12, 0, 0, 3, 4, 14, 37, 7, 0, 2, 2, 3, 31, 18, 54, 12, 13, 17, 15, 18, 26, 27, 63, 8, 10, 30, 34, 5, 12, 14, 6, 14, 23, 27, 21, 16, 41, 13, 10, 23, 19, 23, 32, 43, 75, 34, 24, 46, 43, 46, 62, 60, 57, 48, 43, 38, 37, 39, 15, 19, 20, 36, 26, 10, 6, 11, 16, 18, 19, 17, 22, 14, 14, 5, 14, 2, 12, 8, 12, 15, 21, 6, 23, 16, 6, 13, 16, 6, 14, 22, 47, 37, 46, 47, 49, 14, 34, 5, 9, 14
********************************************************************* 
metricRunTimeDP: 37, 41, 36, 24, 37, 38, 23, 40, 23, 23, 34, 24, 22, 32, 23, 25, 23, 23, 32, 24, 23, 23, 23, 39, 36, 36, 43, 31, 32, 38, 23, 40, 26, 38, 23, 37, 35, 22, 22, 23, 26, 33, 35, 37, 34, 23, 22, 25, 29, 23, 22, 37, 38, 47, 36, 36, 36, 35, 36, 37, 38, 35, 25, 45, 38, 44, 23, 34, 22, 23, 23, 38, 40, 23, 35, 23, 38, 35, 22, 24, 36, 37, 35, 38, 23, 23, 35, 39, 31, 45, 35, 23, 37, 23, 37, 40, 36, 22, 57, 38
metricRunTimeDPSort: 0, 1, 0, 2, 1, 2, 2, 5, 3, 4, 4, 5, 4, 6, 6, 13, 6, 8, 8, 9, 9, 10, 10, 13, 11, 11, 12, 14, 13, 14, 14, 31, 16, 16, 18, 18, 18, 19, 19, 23, 20, 21, 21, 24, 23, 24, 24, 33, 25, 26, 26, 28, 26, 28, 29, 33, 29, 32, 31, 35, 33, 35, 33, 70, 36, 37, 38, 39, 38, 39, 40, 43, 41, 40, 41, 43, 42, 43, 43, 54, 46, 47, 46, 48, 49, 48, 48, 53, 50, 52, 50, 53, 53, 54, 54, 74, 56, 58, 56, 58
metricRunTimeDPMerge: 0, 0, 12, 1, 11, 8, 20, 1, 12, 11, 25, 11, 21, 25, 30, 2, 15, 14, 23, 16, 28, 27, 30, 18, 26, 32, 36, 26, 35, 38, 41, 4, 17, 17, 27, 17, 33, 27, 41, 19, 39, 40, 47, 38, 42, 41, 49, 29, 37, 36, 43, 42, 44, 47, 54, 47, 50, 55, 64, 60, 64, 64, 72, 9, 28, 28, 34, 30, 38, 43, 44, 36, 42, 44, 49, 50, 61, 57, 63, 37, 48, 47, 64, 49, 61, 61, 64, 56, 60, 60, 66, 67, 70, 77, 83, 43, 51, 53, 59, 59
metricDPError: 16, 63, 84, 64, 71, 78, 66, 32, 51, 50, 57, 44, 62, 62, 66, 26, 46, 73, 123, 81, 88, 90, 108, 69, 93, 96, 79, 115, 100, 101, 110, 17, 47, 23, 34, 60, 99, 62, 67, 42, 34, 58, 61, 74, 91, 103, 74, 28, 38, 15, 50, 36, 44, 61, 71, 11, 63, 45, 73, 40, 68, 64, 93, 10, 26, 28, 62, 46, 61, 67, 79, 50, 58, 65, 126, 77, 108, 87, 81, 56, 82, 86, 113, 86, 123, 96, 95, 75, 68, 97, 93, 110, 118, 132, 130, 25, 36, 47, 82, 83
metricDPStoreError: 15, 63, 84, 64, 77, 91, 92, 32, 53, 64, 65, 51, 70, 67, 81, 21, 30, 35, 72, 47, 57, 49, 61, 53, 88, 81, 81, 89, 91, 89, 89, 10, 15, 20, 20, 21, 44, 26, 28, 20, 22, 28, 31, 29, 29, 37, 42, 14, 26, 14, 24, 25, 39, 48, 51, 14, 61, 45, 73, 30, 68, 61, 84, 10, 19, 27, 66, 40, 53, 68, 84, 48, 53, 66, 121, 67, 79, 92, 92, 56, 82, 86, 113, 85, 123, 100, 112, 75, 83, 99, 99, 85, 85, 99, 99, 24, 39, 51, 85, 60
metricTTStoreError: 1, 0, 0, 0, 6, 13, 28, 0, 2, 20, 22, 11, 20, 5, 15, 5, 16, 44, 55, 38, 37, 47, 51, 16, 7, 19, 6, 32, 41, 56, 47, 7, 38, 5, 24, 45, 63, 40, 53, 42, 32, 60, 46, 61, 88, 74, 38, 30, 18, 17, 36, 31, 29, 47, 54, 25, 16, 0, 0, 16, 0, 9, 17, 0, 9, 3, 4, 8, 12, 1, 5, 10, 13, 1, 13, 16, 31, 23, 25, 0, 0, 4, 0, 3, 0, 4, 31, 0, 15, 2, 22, 37, 45, 43, 45, 1, 3, 4, 3, 29
