********************************************************************* 
metricRunTimeDP: 207, 158, 147, 164, 133, 131, 177, 214, 164, 187
metricRunTimeDPSort: 3, 4, 3, 6, 4, 7, 4, 9, 5, 9
metricRunTimeDPMerge: 3, 4, 33, 6, 55, 71, 101, 13, 98, 116
metricDPError: 22, 11, 24, 37, 51, 47, 56, 24, 42, 28
metricDPStoreError: 3, 4, 14, 15, 25, 24, 26, 29, 34, 29
metricTTStoreError: 19, 13, 16, 46, 50, 49, 50, 45, 50, 47
********************************************************************* 
metricRunTimeDP: 180, 157, 194, 184, 134, 154, 153, 159, 172, 182
metricRunTimeDPSort: 3, 4, 3, 6, 3, 6, 4, 8, 5, 10
metricRunTimeDPMerge: 2, 4, 37, 6, 60, 76, 126, 13, 98, 121
metricDPError: 22, 17, 13, 32, 53, 43, 46, 18, 31, 21
metricDPStoreError: 13, 9, 11, 28, 51, 43, 44, 31, 33, 31
metricTTStoreError: 9, 8, 18, 8, 6, 14, 6, 25, 32, 30
********************************************************************* 
metricRunTimeDP: 164, 143, 172, 126, 141, 133, 192, 138, 191, 164
metricRunTimeDPSort: 3, 4, 3, 6, 4, 7, 4, 8, 5, 9
metricRunTimeDPMerge: 2, 4, 36, 7, 57, 77, 104, 14, 101, 115
metricDPError: 24, 27, 29, 19, 29, 22, 32, 28, 23, 39
metricDPStoreError: 24, 18, 18, 20, 24, 23, 33, 30, 30, 30
metricTTStoreError: 0, 13, 27, 9, 9, 23, 21, 56, 49, 65
********************************************************************* 
metricRunTimeDP: 167, 150, 156, 143, 177, 132, 158, 193, 179, 162
metricRunTimeDPSort: 3, 4, 3, 6, 4, 7, 4, 8, 4, 9
metricRunTimeDPMerge: 2, 4, 37, 8, 58, 69, 102, 13, 100, 118
metricDPError: 23, 24, 21, 19, 25, 17, 27, 11, 17, 25
metricDPStoreError: 0, 3, 4, 4, 4, 6, 15, 24, 30, 35
metricTTStoreError: 23, 21, 23, 15, 23, 11, 12, 15, 17, 24
********************************************************************* 
metricRunTimeDP: 187, 163, 159, 150, 140, 164, 195, 148, 157, 188
metricRunTimeDPSort: 3, 4, 3, 6, 3, 7, 4, 9, 4, 10
metricRunTimeDPMerge: 2, 4, 36, 7, 56, 72, 102, 14, 98, 118
metricDPError: 16, 6, 18, 20, 20, 20, 20, 9, 28, 38
metricDPStoreError: 15, 15, 22, 23, 29, 23, 23, 22, 38, 33
metricTTStoreError: 1, 9, 8, 9, 35, 39, 39, 29, 30, 47
********************************************************************* 
metricRunTimeDP: 199, 148, 157, 148, 151, 179, 138, 164, 118, 176
metricRunTimeDPSort: 3, 4, 3, 5, 4, 6, 4, 9, 4, 9
metricRunTimeDPMerge: 2, 5, 35, 6, 55, 71, 97, 16, 98, 118
metricDPError: 6, 18, 17, 15, 19, 30, 43, 28, 20, 43
metricDPStoreError: 1, 11, 14, 10, 13, 10, 35, 26, 26, 26
metricTTStoreError: 5, 7, 15, 17, 18, 40, 28, 54, 46, 69
