********************************************************************* 
metricRunTimeDP: 195, 152, 138, 160, 123, 121, 170, 208, 153, 181
metricRunTimeDPSort: 3, 4, 3, 6, 4, 7, 4, 9, 5, 9
metricRunTimeDPMerge: 1, 3, 30, 5, 50, 66, 96, 12, 95, 115
metricDPError: 22, 11, 24, 37, 51, 47, 56, 24, 42, 28
metricDPStoreError: 3, 4, 14, 15, 25, 24, 26, 29, 34, 29
metricTTStoreError: 19, 13, 16, 46, 50, 49, 50, 45, 50, 47
********************************************************************* 
metricRunTimeDP: 170, 151, 186, 177, 124, 149, 141, 148, 165, 170
metricRunTimeDPSort: 3, 4, 3, 6, 3, 6, 4, 8, 5, 10
metricRunTimeDPMerge: 1, 3, 35, 5, 55, 72, 99, 13, 96, 116
metricDPError: 22, 17, 13, 32, 53, 43, 46, 18, 31, 21
metricDPStoreError: 13, 9, 11, 28, 51, 43, 44, 31, 33, 31
metricTTStoreError: 9, 8, 18, 8, 6, 14, 6, 25, 32, 30
********************************************************************* 
metricRunTimeDP: 152, 139, 163, 111, 133, 125, 187, 127, 184, 152
metricRunTimeDPSort: 3, 4, 3, 6, 4, 7, 4, 8, 5, 9
metricRunTimeDPMerge: 1, 3, 34, 5, 53, 77, 100, 12, 96, 115
metricDPError: 24, 27, 29, 19, 29, 22, 32, 28, 23, 39
metricDPStoreError: 24, 18, 18, 20, 24, 23, 33, 30, 30, 30
metricTTStoreError: 0, 13, 27, 9, 9, 23, 21, 56, 49, 65
********************************************************************* 
metricRunTimeDP: 158, 142, 150, 136, 171, 124, 151, 186, 167, 155
metricRunTimeDPSort: 3, 4, 3, 6, 4, 7, 4, 8, 4, 9
metricRunTimeDPMerge: 1, 3, 34, 5, 58, 72, 97, 12, 97, 115
metricDPError: 23, 24, 21, 19, 25, 17, 27, 11, 17, 25
metricDPStoreError: 0, 3, 4, 4, 4, 6, 15, 24, 30, 35
metricTTStoreError: 23, 21, 23, 15, 23, 11, 12, 15, 17, 24
********************************************************************* 
metricRunTimeDP: 171, 157, 152, 141, 136, 153, 189, 139, 152, 181
metricRunTimeDPSort: 3, 4, 3, 6, 3, 7, 4, 9, 4, 10
metricRunTimeDPMerge: 1, 3, 35, 5, 54, 70, 100, 12, 98, 113
metricDPError: 16, 6, 18, 20, 20, 20, 20, 9, 28, 38
metricDPStoreError: 15, 15, 22, 23, 29, 23, 23, 22, 38, 33
metricTTStoreError: 1, 9, 8, 9, 35, 39, 39, 29, 30, 47
********************************************************************* 
metricRunTimeDP: 189, 140, 152, 143, 140, 174, 126, 158, 112, 167
metricRunTimeDPSort: 3, 4, 3, 5, 4, 6, 4, 9, 4, 10
metricRunTimeDPMerge: 1, 4, 32, 4, 49, 69, 94, 10, 96, 117
metricDPError: 6, 18, 17, 15, 19, 30, 43, 28, 20, 43
metricDPStoreError: 1, 11, 14, 10, 13, 10, 35, 26, 26, 26
metricTTStoreError: 5, 7, 15, 17, 18, 40, 28, 54, 46, 69
