********************************************************************* 
metricRunTimePoint: 3253, 3124, 3130, 3118, 3381, 3067, 3047, 3292, 3122, 3069
metricDPErrorPoint: 49, 39, 39, 34, 49, 48, 50, 47, 46, 39
metricDPStoreErrorPoint: 49, 39, 39, 34, 49, 48, 50, 47, 46, 39
metricTTStoreErrorPoint: 0, 0, 0, 0, 0, 0, 0, 0, 0, 0
********************************************************************* 
metricRunTimeRange: 65560, 64034, 63218, 62985, 64576, 61835, 62095, 62463, 68617, 61584
metricDPErrorRange: 801, 868, 825, 803, 866, 861, 796, 825, 809, 848
metricDPStoreErrorRange: 429, 452, 375, 422, 402, 452, 420, 395, 422, 443
metricTTStoreErrorRange: 372, 416, 450, 381, 464, 409, 376, 430, 387, 405
